0,1
1,1
2,2
3,8
4,9
5,8
6,9
7,0
8,5
9,7
10,2
11,5
12,1
13,8
14,8
15,0
16,5
17,2
18,4
19,7
20,1
21,9
22,5
23,7
24,1
25,7
26,2
27,8
28,0
29,8
30,5
31,0
32,0
33,2
34,4
35,3
36,6
37,1
38,3
39,5
40,3
41,0
42,1
43,1
44,7
45,8
46,6
47,1
48,3
49,4
50,7
51,6
52,4
53,8
54,3
55,5
56,9
57,2
58,7
59,4
60,6
61,7
62,2
63,8
64,8
65,8
66,0
67,0
68,4
69,1
70,1
71,0
72,1
73,8
74,8
75,2
76,0
77,7
78,5
79,7
80,0
81,2
82,7
83,9
84,4
85,3
86,5
87,5
88,6
89,3
90,4
91,2
92,9
93,1
94,0
95,5
96,1
97,2
98,3
99,4
100,2
101,1
102,2
103,7
104,0
105,5
106,1
107,7
108,4
109,4
110,4
111,2
112,9
113,3
114,7
115,3
116,0
117,9
118,5
119,5
120,5
121,3
122,5
123,1
124,7
125,7
126,6
127,3
128,7
129,2
130,1
131,0
132,0
133,7
134,2
135,8
136,7
137,1
138,3
139,6
140,0
141,1
142,1
143,0
144,4
145,1
146,8
147,7
148,5
149,0
150,1
151,1
152,1
153,9
154,2
155,7
156,4
157,6
158,0
159,4
160,8
161,8
162,3
163,4
164,7
165,9
166,0
167,8
168,2
169,1
170,4
171,9
172,8
173,3
174,2
175,6
176,1
177,7
178,1
179,6
180,3
181,9
182,9
183,1
184,6
185,0
186,2
187,0
188,8
189,7
190,4
191,5
192,6
193,8
194,8
195,9
196,6
197,9
198,2
199,7
200,1
201,8
202,4
203,0
204,7
205,3
206,3
207,6
208,1
209,0
210,8
211,2
212,8
213,1
214,2
215,4
216,2
217,3
218,4
219,6
220,5
221,7
222,2
223,9
224,2
225,7
226,5
227,5
228,2
229,4
230,4
231,7
232,3
233,2
234,3
235,1
236,2
237,1
238,3
239,3
240,2
241,9
242,5
243,8
244,8
245,2
246,0
247,5
248,9
249,1
250,9
251,3
252,7
253,9
254,2
255,5
256,9
257,0
258,9
259,0
260,0
261,6
262,3
263,5
264,9
265,3
266,7
267,8
268,5
269,9
270,6
271,1
272,7
273,1
274,8
275,6
276,4
277,3
278,3
279,0
280,6
281,9
282,3
283,9
284,2
285,2
286,0
287,0
288,9
289,4
290,4
291,5
292,1
293,5
294,7
295,3
296,2
297,6
298,5
299,3
300,2
301,1
302,7
303,7
304,1
305,7
306,1
307,7
308,7
309,0
310,3
311,4
312,1
313,3
314,1
315,2
316,6
317,3
318,2
319,9
320,9
321,3
322,2
323,2
324,7
325,2
326,7
327,0
328,6
329,9
330,5
331,2
332,8
333,7
334,1
335,9
336,4
337,8
338,9
339,5
340,6
341,3
342,5
343,3
344,1
345,2
346,5
347,4
348,5
349,1
350,2
351,4
352,9
353,0
354,7
355,3
356,3
357,4
358,8
359,0
360,9
361,2
362,6
363,8
364,4
365,7
366,8
367,6
368,0
369,3
370,1
371,9
372,2
373,0
374,7
375,2
376,6
377,0
378,3
379,7
380,0
381,2
382,8
383,4
384,1
385,9
386,5
387,4
388,5
389,4
390,7
391,3
392,5
393,2
394,7
395,9
396,0
397,1
398,6
399,2
400,5
401,6
402,4
403,1
404,8
405,8
406,2
407,1
408,7
409,8
410,1
411,9
412,3
413,4
414,1
415,2
416,0
417,1
418,9
419,4
420,1
421,8
422,2
423,7
424,0
425,8
426,4
427,6
428,4
429,7
430,1
431,7
432,3
433,7
434,4
435,3
436,3
437,3
438,6
439,6
440,6
441,9
442,3
443,2
444,4
445,4
446,4
447,9
448,9
449,5
450,4
451,1
452,3
453,9
454,2
455,9
456,7
457,0
458,7
459,7
460,9
461,9
462,6
463,0
464,6
465,9
466,7
467,3
468,5
469,6
470,2
471,7
472,1
473,1
474,9
475,0
476,0
477,0
478,3
479,7
480,6
481,3
482,8
483,8
484,8
485,1
486,3
487,5
488,3
489,9
490,2
491,6
492,4
493,3
494,9
495,9
496,3
497,4
498,9
499,6
500,4
501,4
502,1
503,8
504,6
505,0
506,4
507,2
508,1
509,0
510,1
511,7
512,8
513,7
514,8
515,3
516,0
517,5
518,8
519,8
520,6
521,8
522,1
523,2
524,8
525,8
526,4
527,8
528,2
529,4
530,1
531,8
532,0
533,0
534,0
535,4
536,4
537,3
538,0
539,2
540,1
541,5
542,1
543,6
544,2
545,1
546,5
547,8
548,9
549,4
550,8
551,7
552,9
553,2
554,1
555,4
556,6
557,4
558,0
559,2
560,6
561,8
562,5
563,6
564,3
565,2
566,9
567,0
568,6
569,0
570,3
571,8
572,5
573,8
574,5
575,3
576,9
577,1
578,1
579,6
580,9
581,2
582,1
583,6
584,9
585,8
586,5
587,5
588,4
589,0
590,4
591,8
592,5
593,5
594,5
595,3
596,3
597,4
598,0
599,9
600,6
601,9
602,4
603,8
604,6
605,9
606,8
607,6
608,2
609,7
610,4
611,1
612,6
613,2
614,2
615,4
616,4
617,9
618,6
619,3
620,6
621,0
622,9
623,2
624,8
625,3
626,0
627,6
628,5
629,7
630,4
631,6
632,3
633,9
634,2
635,3
636,4
637,4
638,9
639,8
640,6
641,4
642,0
643,5
644,1
645,3
646,2
647,8
648,8
649,5
650,0
651,1
652,0
653,0
654,0
655,0
656,9
657,5
658,1
659,5
660,1
661,0
662,3
663,1
664,5
665,9
666,7
667,8
668,9
669,7
670,9
671,8
672,2
673,9
674,3
675,9
676,6
677,7
678,6
679,5
680,8
681,5
682,1
683,9
684,9
685,8
686,7
687,9
688,7
689,5
690,8
691,6
692,1
693,3
694,1
695,2
696,4
697,9
698,1
699,0
700,9
701,3
702,9
703,4
704,3
705,8
706,5
707,4
708,7
709,9
710,9
711,2
712,9
713,7
714,9
715,2
716,3
717,1
718,5
719,6
720,4
721,7
722,4
723,7
724,9
725,9
726,9
727,2
728,8
729,7
730,0
731,9
732,4
733,7
734,3
735,7
736,3
737,2
738,8
739,7
740,3
741,5
742,1
743,7
744,5
745,2
746,4
747,9
748,2
749,8
750,3
751,2
752,8
753,0
754,9
755,3
756,9
757,3
758,3
759,2
760,5
761,6
762,1
763,6
764,6
765,2
766,1
767,2
768,9
769,8
770,8
771,7
772,2
773,3
774,9
775,4
776,2
777,3
778,3
779,0
780,9
781,2
782,1
783,1
784,8
785,0
786,1
787,6
788,2
789,6
790,5
791,4
792,3
793,8
794,9
795,2
796,9
797,1
798,0
799,2
800,5
801,1
802,6
803,9
804,0
805,9
806,7
807,3
808,7
809,8
810,1
811,4
812,4
813,2
814,1
815,5
816,0
817,1
818,6
819,8
820,7
821,8
822,4
823,7
824,9
825,5
826,4
827,2
828,4
829,4
830,7
831,0
832,6
833,2
834,5
835,2
836,0
837,0
838,8
839,6
840,0
841,4
842,7
843,3
844,7
845,9
846,1
847,7
848,2
849,0
850,0
851,3
852,3
853,4
854,9
855,1
856,1
857,9
858,1
859,5
860,6
861,4
862,8
863,3
864,2
865,9
866,6
867,2
868,4
869,3
870,4
871,9
872,4
873,1
874,2
875,9
876,1
877,1
878,2
879,8
880,8
881,9
882,9
883,0
884,9
885,4
886,8
887,5
888,6
889,6
890,7
891,4
892,9
893,2
894,8
895,7
896,4
897,8
898,7
899,9
900,2
901,7
902,7
903,7
904,6
905,7
906,5
907,3
908,1
909,4
910,9
911,3
912,0
913,4
914,8
915,2
916,8
917,7
918,0
919,8
920,6
921,4
922,7
923,7
924,3
925,9
926,0
927,6
928,2
929,4
930,7
931,4
932,7
933,4
934,2
935,8
936,7
937,6
938,9
939,8
940,4
941,6
942,6
943,0
944,1
945,4
946,4
947,5
948,9
949,2
950,1
951,1
952,3
953,5
954,1
955,2
956,2
957,0
958,2
959,0
960,0
961,9
962,3
963,0
964,0
965,0
966,3
967,3
968,9
969,2
970,1
971,1
972,8
973,7
974,4
975,5
976,5
977,8
978,1
979,0
980,1
981,4
982,4
983,2
984,8
985,6
986,3
987,8
988,7
989,1
990,3
991,2
992,5
993,1
994,2
995,5
996,2
997,7
998,9
999,2
1000,8
1001,3
1002,6
1003,9
1004,5
1005,1
1006,3
1007,1
1008,8
1009,5
1010,8
1011,0
1012,4
1013,3
1014,7
1015,4
1016,3
1017,4
1018,3
1019,8
1020,2
1021,2
1022,9
1023,0
1024,8
1025,0
1026,0
1027,9
1028,1
1029,0
1030,6
1031,3
1032,0
1033,7
1034,0
1035,2
1036,7
1037,1
1038,0
1039,1
1040,4
1041,9
1042,0
1043,3
1044,4
1045,5
1046,7
1047,8
1048,4
1049,4
1050,7
1051,9
1052,8
1053,9
1054,4
1055,0
1056,6
1057,7
1058,0
1059,8
1060,0
1061,3
1062,0
1063,0
1064,8
1065,6
1066,5
1067,4
1068,0
1069,6
1070,6
1071,5
1072,1
1073,2
1074,6
1075,6
1076,8
1077,5
1078,6
1079,2
1080,9
1081,7
1082,9
1083,8
1084,7
1085,4
1086,0
1087,9
1088,8
1089,7
1090,4
1091,2
1092,3
1093,5
1094,9
1095,3
1096,2
1097,9
1098,1
1099,4
1100,0
1101,2
1102,3
1103,7
1104,3
1105,2
1106,8
1107,0
1108,1
1109,2
1110,7
1111,5
1112,3
1113,5
1114,6
1115,0
1116,5
1117,8
1118,5
1119,5
1120,2
1121,8
1122,2
1123,7
1124,2
1125,4
1126,7
1127,7
1128,2
1129,1
1130,6
1131,6
1132,5
1133,1
1134,4
1135,0
1136,8
1137,4
1138,2
1139,6
1140,9
1141,3
1142,7
1143,2
1144,4
1145,3
1146,6
1147,1
1148,5
1149,6
1150,3
1151,7
1152,0
1153,6
1154,3
1155,5
1156,2
1157,4
1158,0
1159,4
1160,5
1161,5
1162,1
1163,8
1164,2
1165,0
1166,4
1167,1
1168,8
1169,1
1170,9
1171,4
1172,5
1173,7
1174,1
1175,0
1176,4
1177,3
1178,9
1179,3
1180,0
1181,3
1182,7
1183,5
1184,2
1185,9
1186,9
1187,1
1188,9
1189,9
1190,7
1191,3
1192,9
1193,9
1194,9
1195,3
1196,5
1197,1
1198,8
1199,7
1200,5
1201,2
1202,1
1203,2
1204,0
1205,4
1206,2
1207,9
1208,2
1209,0
1210,5
1211,6
1212,0
1213,5
1214,7
1215,0
1216,2
1217,3
1218,0
1219,1
1220,0
1221,7
1222,2
1223,0
1224,1
1225,9
1226,3
1227,8
1228,8
1229,4
1230,0
1231,6
1232,0
1233,5
1234,6
1235,2
1236,1
1237,5
1238,5
1239,4
1240,8
1241,6
1242,0
1243,8
1244,0
1245,8
1246,1
1247,7
1248,2
1249,5
1250,0
1251,0
1252,8
1253,9
1254,7
1255,3
1256,5
1257,2
1258,2
1259,9
1260,8
1261,9
1262,0
1263,7
1264,3
1265,2
1266,0
1267,3
1268,8
1269,9
1270,1
1271,1
1272,5
1273,2
1274,5
1275,0
1276,4
1277,3
1278,8
1279,7
1280,5
1281,6
1282,3
1283,6
1284,2
1285,3
1286,5
1287,5
1288,3
1289,9
1290,7
1291,2
1292,9
1293,9
1294,3
1295,9
1296,2
1297,5
1298,8
1299,8
1300,3
1301,8
1302,0
1303,7
1304,8
1305,5
1306,9
1307,6
1308,4
1309,0
1310,3
1311,0
1312,3
1313,2
1314,6
1315,3
1316,6
1317,1
1318,2
1319,0
1320,6
1321,2
1322,8
1323,8
1324,6
1325,1
1326,0
1327,7
1328,9
1329,9
1330,2
1331,3
1332,3
1333,0
1334,5
1335,7
1336,1
1337,4
1338,7
1339,0
1340,5
1341,3
1342,1
1343,6
1344,4
1345,6
1346,8
1347,0
1348,6
1349,8
1350,7
1351,2
1352,9
1353,8
1354,3
1355,9
1356,2
1357,0
1358,2
1359,0
1360,5
1361,7
1362,5
1363,0
1364,9
1365,5
1366,9
1367,3
1368,5
1369,0
1370,6
1371,6
1372,1
1373,9
1374,3
1375,3
1376,3
1377,3
1378,2
1379,8
1380,8
1381,1
1382,5
1383,7
1384,8
1385,1
1386,1
1387,2
1388,1
1389,0
1390,3
1391,3
1392,5
1393,6
1394,2
1395,1
1396,3
1397,2
1398,4
1399,6
1400,5
1401,9
1402,9
1403,1
1404,5
1405,8
1406,0
1407,6
1408,9
1409,0
1410,6
1411,5
1412,2
1413,8
1414,0
1415,8
1416,7
1417,1
1418,7
1419,8
1420,1
1421,6
1422,3
1423,6
1424,5
1425,2
1426,8
1427,7
1428,3
1429,2
1430,1
1431,0
1432,8
1433,7
1434,5
1435,1
1436,0
1437,4
1438,1
1439,2
1440,4
1441,2
1442,4
1443,6
1444,0
1445,4
1446,3
1447,8
1448,7
1449,6
1450,2
1451,0
1452,6
1453,2
1454,7
1455,5
1456,6
1457,3
1458,2
1459,1
1460,2
1461,3
1462,3
1463,2
1464,7
1465,2
1466,2
1467,3
1468,9
1469,0
1470,7
1471,0
1472,1
1473,7
1474,2
1475,4
1476,6
1477,2
1478,2
1479,1
1480,3
1481,7
1482,8
1483,1
1484,9
1485,7
1486,7
1487,7
1488,1
1489,5
1490,5
1491,0
1492,9
1493,4
1494,3
1495,6
1496,7
1497,5
1498,3
1499,7
1500,3
1501,3
1502,4
1503,3
1504,5
1505,7
1506,9
1507,4
1508,2
1509,4
1510,7
1511,7
1512,1
1513,1
1514,9
1515,0
1516,4
1517,0
1518,7
1519,0
1520,9
1521,2
1522,6
1523,5
1524,7
1525,1
1526,3
1527,7
1528,6
1529,5
1530,8
1531,5
1532,1
1533,1
1534,9
1535,1
1536,1
1537,0
1538,7
1539,6
1540,3
1541,6
1542,9
1543,3
1544,2
1545,7
1546,0
1547,3
1548,3
1549,8
1550,2
1551,4
1552,3
1553,7
1554,9
1555,8
1556,6
1557,1
1558,5
1559,3
1560,4
1561,8
1562,4
1563,7
1564,6
1565,3
1566,3
1567,8
1568,2
1569,4
1570,3
1571,8
1572,2
1573,3
1574,3
1575,1
1576,7
1577,6
1578,4
1579,1
1580,2
1581,1
1582,3
1583,0
1584,8
1585,6
1586,3
1587,8
1588,4
1589,9
1590,8
1591,6
1592,3
1593,9
1594,4
1595,0
1596,9
1597,0
1598,4
1599,2
1600,5
1601,6
1602,4
1603,4
1604,7
1605,7
1606,3
1607,6
1608,1
1609,6
1610,7
1611,3
1612,7
1613,3
1614,9
1615,2
1616,0
1617,6
1618,6
1619,6
1620,6
1621,4
1622,3
1623,1
1624,4
1625,9
1626,0
1627,0
1628,3
1629,4
1630,9
1631,0
1632,1
1633,3
1634,0
1635,3
1636,3
1637,2
1638,1
1639,3
1640,7
1641,1
1642,1
1643,9
1644,9
1645,4
1646,9
1647,9
1648,8
1649,8
1650,3
1651,3
1652,0
1653,9
1654,8
1655,9
1656,2
1657,0
1658,7
1659,8
1660,7
1661,0
1662,4
1663,5
1664,3
1665,3
1666,7
1667,1
1668,1
1669,3
1670,2
1671,9
1672,8
1673,4
1674,0
1675,8
1676,4
1677,9
1678,2
1679,4
1680,1
1681,0
1682,9
1683,6
1684,9
1685,1
1686,2
1687,6
1688,6
1689,4
1690,9
1691,0
1692,9
1693,1
1694,2
1695,8
1696,0
1697,9
1698,4
1699,5
1700,7
1701,4
1702,2
1703,9
1704,3
1705,7
1706,5
1707,6
1708,6
1709,7
1710,3
1711,1
1712,9
1713,9
1714,4
1715,6
1716,1
1717,1
1718,5
1719,3
1720,2
1721,1
1722,2
1723,2
1724,9
1725,3
1726,3
1727,4
1728,1
1729,4
1730,7
1731,9
1732,9
1733,1
1734,2
1735,5
1736,7
1737,6
1738,3
1739,0
1740,4
1741,6
1742,2
1743,4
1744,1
1745,0
1746,2
1747,9
1748,6
1749,2
1750,7
1751,9
1752,2
1753,1
1754,1
1755,0
1756,1
1757,5
1758,9
1759,4
1760,9
1761,9
1762,9
1763,8
1764,7
1765,7
1766,7
1767,4
1768,0
1769,9
1770,4
1771,6
1772,9
1773,1
1774,5
1775,1
1776,4
1777,9
1778,4
1779,1
1780,4
1781,7
1782,0
1783,0
1784,4
1785,6
1786,8
1787,0
1788,3
1789,2
1790,6
1791,7
1792,7
1793,5
1794,3
1795,3
1796,2
1797,8
1798,1
1799,2
1800,1
1801,1
1802,0
1803,6
1804,3
1805,7
1806,9
1807,2
1808,5
1809,7
1810,2
1811,6
1812,9
1813,3
1814,8
1815,3
1816,6
1817,1
1818,5
1819,2
1820,2
1821,0
1822,7
1823,5
1824,7
1825,2
1826,2
1827,1
1828,9
1829,6
1830,6
1831,3
1832,3
1833,7
1834,5
1835,7
1836,1
1837,4
1838,0
1839,1
1840,3
1841,5
1842,7
1843,5
1844,4
1845,1
1846,2
1847,2
1848,6
1849,1
1850,9
1851,1
1852,7
1853,9
1854,5
1855,9
1856,4
1857,8
1858,3
1859,4
1860,2
1861,4
1862,9
1863,2
1864,8
1865,6
1866,3
1867,0
1868,2
1869,7
1870,6
1871,2
1872,8
1873,7
1874,9
1875,3
1876,5
1877,9
1878,8
1879,6
1880,1
1881,7
1882,2
1883,9
1884,5
1885,3
1886,0
1887,0
1888,5
1889,3
1890,0
1891,7
1892,8
1893,9
1894,7
1895,6
1896,2
1897,2
1898,0
1899,8
1900,4
1901,3
1902,0
1903,5
1904,9
1905,8
1906,0
1907,9
1908,6
1909,3
1910,2
1911,6
1912,9
1913,8
1914,7
1915,0
1916,5
1917,3
1918,4
1919,8
1920,1
1921,8
1922,6
1923,0
1924,2
1925,1
1926,1
1927,9
1928,1
1929,5
1930,1
1931,4
1932,6
1933,5
1934,3
1935,9
1936,7
1937,6
1938,4
1939,1
1940,4
1941,0
1942,7
1943,6
1944,5
1945,5
1946,1
1947,1
1948,8
1949,4
1950,4
1951,1
1952,6
1953,3
1954,9
1955,7
1956,5
1957,2
1958,2
1959,9
1960,8
1961,0
1962,3
1963,2
1964,4
1965,7
1966,5
1967,1
1968,3
1969,7
1970,0
1971,6
1972,5
1973,0
1974,1
1975,0
1976,0
1977,8
1978,1
1979,0
1980,2
1981,5
1982,4
1983,0
1984,2
1985,4
1986,0
1987,6
1988,3
1989,3
1990,4
1991,3
1992,0
1993,4
1994,7
1995,1
1996,4
1997,7
1998,7
1999,0
2000,1
2001,4
2002,2
2003,6
2004,8
2005,1
2006,6
2007,6
2008,6
2009,9
2010,4
2011,3
2012,6
2013,8
2014,2
2015,6
2016,1
2017,7
2018,7
2019,5
2020,3
2021,3
2022,2
2023,4
2024,4
2025,7
2026,0
2027,1
2028,5
2029,9
2030,9
2031,1
2032,2
2033,1
2034,7
2035,0
2036,8
2037,5
2038,0
2039,6
2040,5
2041,9
2042,2
2043,4
2044,2
2045,6
2046,5
2047,5
2048,4
2049,1
2050,9
2051,0
2052,5
2053,9
2054,2
2055,2
2056,4
2057,2
2058,1
2059,9
2060,1
2061,1
2062,7
2063,9
2064,1
2065,6
2066,2
2067,9
2068,2
2069,6
2070,2
2071,7
2072,4
2073,0
2074,4
2075,9
2076,3
2077,2
2078,2
2079,5
2080,0
2081,0
2082,6
2083,2
2084,3
2085,2
2086,7
2087,1
2088,4
2089,4
2090,2
2091,0
2092,5
2093,0
2094,3
2095,0
2096,4
2097,3
2098,8
2099,3
2100,6
2101,9
2102,6
2103,8
2104,7
2105,2
2106,8
2107,2
2108,8
2109,1
2110,0
2111,8
2112,1
2113,7
2114,0
2115,4
2116,0
2117,4
2118,7
2119,4
2120,4
2121,6
2122,5
2123,9
2124,8
2125,4
2126,5
2127,0
2128,0
2129,1
2130,3
2131,3
2132,2
2133,7
2134,7
2135,4
2136,8
2137,8
2138,3
2139,1
2140,5
2141,9
2142,7
2143,7
2144,1
2145,4
2146,8
2147,7
2148,1
2149,4
2150,8
2151,4
2152,0
2153,3
2154,8
2155,7
2156,8
2157,3
2158,5
2159,9
2160,9
2161,5
2162,8
2163,0
2164,9
2165,6
2166,8
2167,5
2168,0
2169,3
2170,8
2171,1
2172,5
2173,6
2174,6
2175,2
2176,4
2177,6
2178,9
2179,0
2180,6
2181,3
2182,5
2183,7
2184,2
2185,4
2186,3
2187,2
2188,4
2189,1
2190,3
2191,1
2192,7
2193,7
2194,2
2195,8
2196,4
2197,4
2198,1
2199,8
2200,0
2201,8
2202,5
2203,6
2204,4
2205,6
2206,1
2207,8
2208,2
2209,2
2210,2
2211,9
2212,5
2213,7
2214,9
2215,5
2216,1
2217,0
2218,2
2219,6
2220,1
2221,1
2222,4
2223,3
2224,3
2225,4
2226,2
2227,5
2228,6
2229,2
2230,7
2231,7
2232,7
2233,9
2234,8
2235,0
2236,4
2237,6
2238,3
2239,2
2240,6
2241,9
2242,9
2243,3
2244,1
2245,8
2246,1
2247,2
2248,2
2249,8
2250,9
2251,8
2252,0
2253,0
2254,0
2255,2
2256,5
2257,7
2258,6
2259,1
2260,3
2261,2
2262,6
2263,8
2264,2
2265,8
2266,0
2267,8
2268,9
2269,8
2270,2
2271,3
2272,6
2273,4
2274,7
2275,0
2276,7
2277,2
2278,9
2279,6
2280,8
2281,6
2282,7
2283,8
2284,6
2285,6
2286,1
2287,3
2288,5
2289,4
2290,5
2291,9
2292,9
2293,3
2294,4
2295,7
2296,2
2297,0
2298,2
2299,4
2300,1
2301,3
2302,5
2303,9
2304,1
2305,1
2306,3
2307,7
2308,7
2309,6
2310,7
2311,5
2312,6
2313,7
2314,2
2315,1
2316,4
2317,3
2318,3
2319,2
2320,8
2321,6
2322,8
2323,1
2324,2
2325,5
2326,9
2327,8
2328,1
2329,3
2330,3
2331,0
2332,0
2333,5
2334,3
2335,0
2336,3
2337,0
2338,6
2339,8
2340,1
2341,7
2342,4
2343,5
2344,9
2345,7
2346,7
2347,9
2348,5
2349,4
2350,1
2351,7
2352,4
2353,0
2354,1
2355,2
2356,4
2357,9
2358,1
2359,4
2360,2
2361,4
2362,7
2363,5
2364,8
2365,6
2366,8
2367,5
2368,4
2369,7
2370,3
2371,9
2372,0
2373,3
2374,2
2375,2
2376,2
2377,3
2378,1
2379,7
2380,5
2381,1
2382,9
2383,4
2384,1
2385,3
2386,7
2387,5
2388,7
2389,6
2390,8
2391,0
2392,2
2393,0
2394,1
2395,6
2396,5
2397,2
2398,5
2399,8
2400,8
2401,8
2402,9
2403,7
2404,8
2405,5
2406,1
2407,3
2408,3
2409,0
2410,8
2411,9
2412,7
2413,9
2414,2
2415,2
2416,6
2417,8
2418,1
2419,2
2420,4
2421,9
2422,9
2423,2
2424,6
2425,2
2426,1
2427,9
2428,9
2429,0
2430,3
2431,8
2432,7
2433,3
2434,3
2435,7
2436,2
2437,0
2438,0
2439,9
2440,5
2441,1
2442,7
2443,5
2444,7
2445,6
2446,3
2447,8
2448,0
2449,4
2450,9
2451,1
2452,8
2453,6
2454,5
2455,4
2456,2
2457,7
2458,6
2459,6
2460,9
2461,2
2462,0
2463,6
2464,2
2465,7
2466,5
2467,8
2468,2
2469,7
2470,5
2471,6
2472,8
2473,3
2474,8
2475,5
2476,4
2477,9
2478,3
2479,2
2480,2
2481,0
2482,3
2483,6
2484,3
2485,8
2486,6
2487,3
2488,4
2489,2
2490,0
2491,5
2492,9
2493,0
2494,2
2495,2
2496,3
2497,7
2498,9
2499,1
2500,8
2501,6
2502,2
2503,3
2504,6
2505,5
2506,6
2507,3
2508,8
2509,9
2510,0
2511,2
2512,0
2513,2
2514,4
2515,9
2516,8
2517,7
2518,4
2519,7
2520,4
2521,3
2522,6
2523,2
2524,8
2525,8
2526,3
2527,1
2528,0
2529,4
2530,9
2531,1
2532,7
2533,7
2534,2
2535,1
2536,3
2537,2
2538,6
2539,6
2540,6
2541,1
2542,8
2543,5
2544,9
2545,0
2546,4
2547,9
2548,2
2549,8
2550,2
2551,1
2552,0
2553,4
2554,1
2555,6
2556,6
2557,1
2558,9
2559,2
2560,1
2561,7
2562,6
2563,5
2564,9
2565,8
2566,9
2567,3
2568,3
2569,9
2570,3
2571,7
2572,5
2573,8
2574,9
2575,8
2576,2
2577,8
2578,1
2579,9
2580,7
2581,3
2582,7
2583,8
2584,9
2585,1
2586,5
2587,8
2588,3
2589,7
2590,9
2591,3
2592,8
2593,7
2594,9
2595,9
2596,8
2597,8
2598,2
2599,5
2600,2
2601,1
2602,9
2603,4
2604,7
2605,4
2606,2
2607,3
2608,1
2609,6
2610,2
2611,3
2612,7
2613,9
2614,3
2615,2
2616,3
2617,3
2618,4
2619,3
2620,6
2621,9
2622,5
2623,3
2624,2
2625,7
2626,9
2627,2
2628,1
2629,4
2630,3
2631,1
2632,6
2633,9
2634,0
2635,7
2636,6
2637,8
2638,6
2639,1
2640,5
2641,6
2642,4
2643,0
2644,3
2645,4
2646,3
2647,8
2648,2
2649,1
2650,7
2651,4
2652,7
2653,9
2654,4
2655,6
2656,1
2657,4
2658,7
2659,5
2660,0
2661,3
2662,2
2663,3
2664,9
2665,0
2666,0
2667,0
2668,4
2669,9
2670,2
2671,6
2672,0
2673,9
2674,1
2675,6
2676,2
2677,2
2678,9
2679,3
2680,3
2681,3
2682,8
2683,4
2684,8
2685,0
2686,6
2687,3
2688,3
2689,7
2690,9
2691,1
2692,9
2693,9
2694,8
2695,6
2696,3
2697,8
2698,5
2699,5
2700,2
2701,2
2702,6
2703,0
2704,6
2705,0
2706,0
2707,0
2708,1
2709,7
2710,8
2711,3
2712,9
2713,6
2714,2
2715,7
2716,2
2717,1
2718,3
2719,3
2720,4
2721,0
2722,1
2723,4
2724,1
2725,1
2726,3
2727,6
2728,2
2729,8
2730,9
2731,4
2732,7
2733,9
2734,9
2735,7
2736,6
2737,5
2738,5
2739,9
2740,9
2741,6
2742,7
2743,0
2744,0
2745,1
2746,5
2747,9
2748,5
2749,2
2750,7
2751,2
2752,9
2753,3
2754,7
2755,0
2756,3
2757,0
2758,7
2759,5
2760,1
2761,0
2762,9
2763,2
2764,8
2765,7
2766,9
2767,1
2768,9
2769,7
2770,8
2771,1
2772,0
2773,0
2774,2
2775,7
2776,0
2777,7
2778,4
2779,1
2780,5
2781,6
2782,0
2783,3
2784,2
2785,2
2786,0
2787,6
2788,3
2789,2
2790,6
2791,6
2792,1
2793,0
2794,7
2795,5
2796,5
2797,5
2798,9
2799,9
2800,2
2801,1
2802,4
2803,3
2804,6
2805,2
2806,9
2807,0
2808,3
2809,0
2810,2
2811,2
2812,2
2813,6
2814,2
2815,0
2816,1
2817,9
2818,5
2819,0
2820,2
2821,1
2822,8
2823,8
2824,5
2825,9
2826,7
2827,7
2828,0
2829,5
2830,0
2831,4
2832,7
2833,9
2834,1
2835,2
2836,8
2837,6
2838,0
2839,9
2840,7
2841,4
2842,0
2843,3
2844,3
2845,1
2846,1
2847,1
2848,0
2849,5
2850,1
2851,9
2852,3
2853,2
2854,5
2855,3
2856,6
2857,9
2858,9
2859,2
2860,0
2861,9
2862,2
2863,4
2864,7
2865,9
2866,1
2867,2
2868,5
2869,9
2870,3
2871,0
2872,1
2873,8
2874,8
2875,7
2876,5
2877,4
2878,4
2879,2
2880,2
2881,2
2882,8
2883,2
2884,8
2885,6
2886,0
2887,9
2888,7
2889,1
2890,4
2891,9
2892,1
2893,1
2894,1
2895,0
2896,7
2897,4
2898,3
2899,3
2900,1
2901,8
2902,6
2903,5
2904,5
2905,9
2906,2
2907,7
2908,1
2909,0
2910,3
2911,6
2912,9
2913,7
2914,1
2915,5
2916,2
2917,3
2918,0
2919,7
2920,3
2921,7
2922,5
2923,9
2924,3
2925,1
2926,1
2927,3
2928,4
2929,6
2930,5
2931,5
2932,5
2933,6
2934,9
2935,5
2936,5
2937,6
2938,1
2939,8
2940,4
2941,4
2942,9
2943,0
2944,5
2945,5
2946,4
2947,2
2948,3
2949,1
2950,8
2951,5
2952,0
2953,5
2954,9
2955,7
2956,3
2957,4
2958,6
2959,1
2960,0
2961,2
2962,5
2963,3
2964,5
2965,1
2966,7
2967,8
2968,7
2969,0
2970,3
2971,7
2972,6
2973,3
2974,5
2975,4
2976,7
2977,3
2978,3
2979,3
2980,6
2981,1
2982,7
2983,2
2984,2
2985,1
2986,7
2987,9
2988,9
2989,8
2990,0
2991,7
2992,4
2993,4
2994,7
2995,3
2996,8
2997,0
2998,4
2999,2
3000,3
3001,0
3002,3
3003,6
3004,2
3005,2
3006,4
3007,1
3008,5
3009,4
3010,9
3011,7
3012,2
3013,7
3014,8
3015,4
3016,2
3017,1
3018,3
3019,3
3020,4
3021,4
3022,5
3023,2
3024,4
3025,8
3026,1
3027,9
3028,9
3029,3
3030,5
3031,9
3032,3
3033,8
3034,8
3035,7
3036,3
3037,5
3038,7
3039,9
3040,0
3041,9
3042,2
3043,1
3044,0
3045,2
3046,7
3047,7
3048,3
3049,7
3050,6
3051,8
3052,1
3053,0
3054,8
3055,7
3056,9
3057,4
3058,1
3059,0
3060,8
3061,2
3062,8
3063,5
3064,0
3065,2
3066,0
3067,6
3068,5
3069,3
3070,1
3071,0
3072,8
3073,3
3074,7
3075,8
3076,5
3077,4
3078,7
3079,1
3080,7
3081,8
3082,1
3083,9
3084,7
3085,9
3086,5
3087,5
3088,1
3089,8
3090,2
3091,9
3092,2
3093,7
3094,3
3095,9
3096,4
3097,9
3098,9
3099,4
3100,1
3101,2
3102,1
3103,2
3104,7
3105,6
3106,3
3107,4
3108,7
3109,8
3110,8
3111,2
3112,4
3113,8
3114,1
3115,8
3116,3
3117,6
3118,3
3119,1
3120,4
3121,6
3122,9
3123,4
3124,5
3125,1
3126,3
3127,1
3128,1
3129,8
3130,9
3131,2
3132,4
3133,8
3134,3
3135,7
3136,5
3137,8
3138,1
3139,3
3140,8
3141,9
3142,5
3143,7
3144,8
3145,8
3146,0
3147,6
3148,3
3149,8
3150,1
3151,1
3152,6
3153,2
3154,1
3155,7
3156,4
3157,7
3158,5
3159,0
3160,3
3161,3
3162,4
3163,1
3164,3
3165,6
3166,4
3167,1
3168,7
3169,4
3170,0
3171,1
3172,0
3173,0
3174,7
3175,9
3176,4
3177,0
3178,3
3179,0
3180,4
3181,9
3182,0
3183,0
3184,3
3185,5
3186,7
3187,6
3188,3
3189,9
3190,3
3191,6
3192,0
3193,3
3194,4
3195,5
3196,3
3197,1
3198,4
3199,3
3200,5
3201,3
3202,0
3203,3
3204,9
3205,7
3206,7
3207,0
3208,2
3209,4
3210,1
3211,8
3212,0
3213,2
3214,8
3215,4
3216,1
3217,3
3218,1
3219,2
3220,7
3221,3
3222,3
3223,5
3224,3
3225,1
3226,4
3227,1
3228,7
3229,6
3230,0
3231,6
3232,2
3233,5
3234,8
3235,4
3236,0
3237,3
3238,3
3239,9
3240,4
3241,7
3242,5
3243,2
3244,2
3245,4
3246,2
3247,4
3248,2
3249,5
3250,0
3251,0
3252,1
3253,0
3254,3
3255,8
3256,5
3257,7
3258,3
3259,0
3260,5
3261,0
3262,2
3263,4
3264,1
3265,3
3266,8
3267,1
3268,1
3269,4
3270,1
3271,2
3272,3
3273,7
3274,9
3275,6
3276,4
3277,1
3278,6
3279,8
3280,1
3281,6
3282,2
3283,5
3284,7
3285,5
3286,7
3287,1
3288,7
3289,2
3290,0
3291,8
3292,8
3293,4
3294,2
3295,3
3296,3
3297,7
3298,6
3299,9
3300,1
3301,7
3302,6
3303,3
3304,0
3305,3
3306,7
3307,0
3308,5
3309,0
3310,0
3311,1
3312,0
3313,4
3314,0
3315,7
3316,2
3317,7
3318,7
3319,9
3320,4
3321,4
3322,1
3323,9
3324,5
3325,6
3326,5
3327,6
3328,3
3329,6
3330,6
3331,6
3332,0
3333,1
3334,3
3335,4
3336,1
3337,7
3338,5
3339,7
3340,0
3341,0
3342,1
3343,7
3344,2
3345,7
3346,7
3347,6
3348,4
3349,9
3350,4
3351,7
3352,1
3353,9
3354,8
3355,2
3356,7
3357,7
3358,3
3359,0
3360,1
3361,8
3362,1
3363,1
3364,5
3365,3
3366,7
3367,0
3368,3
3369,6
3370,7
3371,4
3372,3
3373,4
3374,4
3375,6
3376,0
3377,1
3378,9
3379,7
3380,7
3381,8
3382,9
3383,3
3384,9
3385,4
3386,1
3387,0
3388,3
3389,2
3390,2
3391,8
3392,2
3393,4
3394,0
3395,7
3396,2
3397,8
3398,9
3399,0
3400,5
3401,6
3402,7
3403,1
3404,2
3405,4
3406,9
3407,6
3408,0
3409,7
3410,3
3411,3
3412,0
3413,2
3414,5
3415,2
3416,9
3417,2
3418,6
3419,4
3420,7
3421,3
3422,5
3423,7
3424,2
3425,2
3426,3
3427,7
3428,7
3429,5
3430,0
3431,1
3432,2
3433,0
3434,4
3435,5
3436,7
3437,3
3438,2
3439,7
3440,3
3441,2
3442,7
3443,0
3444,0
3445,5
3446,9
3447,4
3448,2
3449,9
3450,4
3451,7
3452,9
3453,4
3454,6
3455,2
3456,4
3457,5
3458,0
3459,8
3460,1
3461,3
3462,7
3463,9
3464,7
3465,0
3466,3
3467,8
3468,9
3469,7
3470,1
3471,6
3472,2
3473,8
3474,9
3475,4
3476,1
3477,8
3478,4
3479,9
3480,0
3481,8
3482,0
3483,2
3484,3
3485,2
3486,5
3487,8
3488,1
3489,1
3490,1
3491,7
3492,2
3493,3
3494,0
3495,0
3496,8
3497,6
3498,2
3499,5
3500,8
3501,6
3502,0
3503,7
3504,1
3505,3
3506,6
3507,2
3508,3
3509,6
3510,8
3511,0
3512,9
3513,0
3514,8
3515,3
3516,0
3517,5
3518,5
3519,2
3520,4
3521,1
3522,5
3523,6
3524,7
3525,8
3526,1
3527,1
3528,1
3529,7
3530,4
3531,3
3532,2
3533,3
3534,6
3535,5
3536,8
3537,7
3538,3
3539,4
3540,3
3541,9
3542,9
3543,9
3544,7
3545,9
3546,5
3547,6
3548,1
3549,5
3550,3
3551,2
3552,0
3553,7
3554,4
3555,0
3556,4
3557,7
3558,0
3559,3
3560,9
3561,3
3562,3
3563,3
3564,1
3565,7
3566,8
3567,0
3568,0
3569,5
3570,2
3571,6
3572,0
3573,1
3574,0
3575,7
3576,0
3577,0
3578,3
3579,2
3580,2
3581,9
3582,2
3583,9
3584,5
3585,2
3586,8
3587,1
3588,9
3589,8
3590,3
3591,5
3592,6
3593,3
3594,5
3595,6
3596,6
3597,7
3598,9
3599,1
3600,3
3601,3
3602,8
3603,4
3604,8
3605,2
3606,1
3607,9
3608,3
3609,7
3610,8
3611,9
3612,2
3613,5
3614,8
3615,4
3616,9
3617,5
3618,5
3619,3
3620,9
3621,1
3622,2
3623,2
3624,5
3625,6
3626,5
3627,9
3628,4
3629,2
3630,4
3631,9
3632,7
3633,3
3634,5
3635,9
3636,7
3637,4
3638,0
3639,6
3640,3
3641,2
3642,0
3643,3
3644,4
3645,2
3646,8
3647,5
3648,3
3649,5
3650,7
3651,1
3652,2
3653,5
3654,1
3655,3
3656,5
3657,6
3658,6
3659,5
3660,3
3661,0
3662,7
3663,7
3664,5
3665,2
3666,2
3667,1
3668,9
3669,5
3670,0
3671,8
3672,1
3673,6
3674,8
3675,1
3676,7
3677,6
3678,9
3679,9
3680,1
3681,7
3682,2
3683,6
3684,5
3685,9
3686,5
3687,3
3688,2
3689,0
3690,2
3691,0
3692,6
3693,6
3694,2
3695,2
3696,9
3697,0
3698,1
3699,1
3700,3
3701,9
3702,0
3703,4
3704,1
3705,0
3706,7
3707,6
3708,7
3709,1
3710,6
3711,1
3712,3
3713,7
3714,6
3715,1
3716,9
3717,1
3718,0
3719,9
3720,5
3721,3
3722,7
3723,8
3724,9
3725,5
3726,8
3727,3
3728,4
3729,1
3730,2
3731,2
3732,4
3733,0
3734,1
3735,6
3736,7
3737,7
3738,1
3739,5
3740,7
3741,2
3742,9
3743,7
3744,8
3745,4
3746,7
3747,7
3748,6
3749,8
3750,7
3751,3
3752,7
3753,3
3754,4
3755,5
3756,4
3757,0
3758,9
3759,5
3760,0
3761,8
3762,8
3763,6
3764,2
3765,4
3766,1
3767,2
3768,1
3769,7
3770,8
3771,7
3772,4
3773,6
3774,9
3775,8
3776,6
3777,3
3778,9
3779,1
3780,2
3781,3
3782,1
3783,0
3784,1
3785,9
3786,9
3787,3
3788,8
3789,0
3790,1
3791,5
3792,1
3793,9
3794,9
3795,9
3796,4
3797,2
3798,9
3799,8
3800,9
3801,5
3802,8
3803,8
3804,2
3805,0
3806,8
3807,3
3808,7
3809,2
3810,9
3811,6
3812,8
3813,6
3814,2
3815,9
3816,1
3817,7
3818,6
3819,2
3820,1
3821,3
3822,4
3823,9
3824,2
3825,9
3826,3
3827,5
3828,9
3829,5
3830,4
3831,3
3832,9
3833,1
3834,9
3835,2
3836,3
3837,1
3838,4
3839,2
3840,6
3841,8
3842,7
3843,3
3844,0
3845,1
3846,2
3847,2
3848,8
3849,7
3850,4
3851,7
3852,4
3853,6
3854,4
3855,5
3856,4
3857,4
3858,3
3859,8
3860,3
3861,0
3862,8
3863,3
3864,2
3865,6
3866,4
3867,9
3868,1
3869,1
3870,7
3871,3
3872,9
3873,3
3874,5
3875,9
3876,0
3877,6
3878,6
3879,6
3880,0
3881,1
3882,1
3883,8
3884,7
3885,5
3886,7
3887,1
3888,1
3889,6
3890,1
3891,1
3892,7
3893,2
3894,3
3895,2
3896,0
3897,4
3898,8
3899,5
3900,5
3901,0
3902,9
3903,2
3904,3
3905,6
3906,2
3907,4
3908,0
3909,4
3910,6
3911,2
3912,1
3913,8
3914,3
3915,2
3916,0
3917,8
3918,0
3919,1
3920,2
3921,3
3922,9
3923,2
3924,1
3925,2
3926,6
3927,4
3928,5
3929,7
3930,1
3931,5
3932,8
3933,2
3934,3
3935,9
3936,7
3937,8
3938,2
3939,3
3940,0
3941,0
3942,9
3943,1
3944,6
3945,9
3946,0
3947,1
3948,7
3949,2
3950,1
3951,4
3952,2
3953,7
3954,3
3955,7
3956,6
3957,7
3958,4
3959,7
3960,1
3961,1
3962,1
3963,4
3964,6
3965,5
3966,3
3967,5
3968,3
3969,6
3970,0
3971,5
3972,7
3973,4
3974,5
3975,9
3976,1
3977,4
3978,2
3979,5
3980,7
3981,2
3982,4
3983,9
3984,7
3985,4
3986,3
3987,0
3988,1
3989,7
3990,3
3991,1
3992,4
3993,3
3994,0
3995,0
3996,3
3997,7
3998,8
3999,7
4000,3
4001,8
4002,6
4003,5
4004,1
4005,1
4006,9
4007,4
4008,3
4009,3
4010,3
4011,8
4012,0
4013,6
4014,5
4015,8
4016,8
4017,5
4018,0
4019,4
4020,1
4021,0
4022,7
4023,6
4024,2
4025,6
4026,3
4027,2
4028,2
4029,6
4030,2
4031,1
4032,4
4033,3
4034,2
4035,8
4036,3
4037,7
4038,0
4039,6
4040,4
4041,6
4042,8
4043,3
4044,8
4045,2
4046,9
4047,2
4048,5
4049,5
4050,0
4051,1
4052,0
4053,6
4054,5
4055,1
4056,5
4057,8
4058,9
4059,8
4060,9
4061,2
4062,3
4063,5
4064,9
4065,0
4066,7
4067,8
4068,1
4069,9
4070,5
4071,1
4072,3
4073,3
4074,2
4075,7
4076,9
4077,2
4078,7
4079,8
4080,9
4081,1
4082,2
4083,9
4084,9
4085,5
4086,2
4087,2
4088,1
4089,4
4090,5
4091,2
4092,4
4093,4
4094,8
4095,3
4096,2
4097,6
4098,9
4099,6
4100,3
4101,7
4102,2
4103,4
4104,6
4105,2
4106,3
4107,1
4108,1
4109,1
4110,0
4111,2
4112,4
4113,0
4114,7
4115,3
4116,0
4117,3
4118,3
4119,9
4120,1
4121,0
4122,9
4123,7
4124,3
4125,7
4126,2
4127,3
4128,4
4129,5
4130,0
4131,8
4132,4
4133,1
4134,1
4135,0
4136,4
4137,0
4138,6
4139,2
4140,0
4141,5
4142,7
4143,6
4144,7
4145,7
4146,4
4147,4
4148,1
4149,3
4150,8
4151,8
4152,7
4153,4
4154,3
4155,3
4156,3
4157,8
4158,0
4159,5
4160,8
4161,8
4162,9
4163,3
4164,5
4165,8
4166,0
4167,9
4168,5
4169,9
4170,5
4171,7
4172,1
4173,5
4174,2
4175,4
4176,5
4177,3
4178,9
4179,4
4180,5
4181,7
4182,5
4183,9
4184,8
4185,9
4186,5
4187,2
4188,3
4189,5
4190,3
4191,4
4192,8
4193,7
4194,9
4195,7
4196,9
4197,2
4198,8
4199,9
4200,0
4201,6
4202,9
4203,4
4204,3
4205,6
4206,0
4207,7
4208,2
4209,9
4210,3
4211,8
4212,4
4213,1
4214,6
4215,4
4216,1
4217,2
4218,4
4219,3
4220,4
4221,2
4222,1
4223,9
4224,9
4225,2
4226,6
4227,1
4228,2
4229,5
4230,8
4231,6
4232,9
4233,6
4234,2
4235,8
4236,3
4237,8
4238,5
4239,7
4240,9
4241,3
4242,5
4243,5
4244,3
4245,1
4246,0
4247,3
4248,9
4249,7
4250,9
4251,1
4252,6
4253,0
4254,5
4255,0
4256,0
4257,9
4258,8
4259,4
4260,3
4261,4
4262,7
4263,8
4264,2
4265,9
4266,4
4267,9
4268,7
4269,4
4270,6
4271,3
4272,6
4273,6
4274,8
4275,7
4276,0
4277,5
4278,2
4279,5
4280,0
4281,3
4282,6
4283,0
4284,4
4285,9
4286,0
4287,0
4288,2
4289,2
4290,5
4291,7
4292,5
4293,8
4294,6
4295,0
4296,6
4297,9
4298,4
4299,6
4300,2
4301,3
4302,4
4303,1
4304,1
4305,9
4306,9
4307,4
4308,9
4309,2
4310,3
4311,2
4312,1
4313,2
4314,3
4315,5
4316,0
4317,0
4318,3
4319,7
4320,3
4321,6
4322,4
4323,0
4324,7
4325,0
4326,7
4327,4
4328,5
4329,4
4330,7
4331,4
4332,5
4333,4
4334,6
4335,1
4336,1
4337,3
4338,3
4339,4
4340,2
4341,6
4342,1
4343,8
4344,1
4345,9
4346,0
4347,7
4348,8
4349,2
4350,1
4351,3
4352,1
4353,9
4354,5
4355,0
4356,5
4357,1
4358,7
4359,4
4360,8
4361,4
4362,9
4363,4
4364,5
4365,8
4366,6
4367,3
4368,2
4369,1
4370,1
4371,9
4372,7
4373,6
4374,2
4375,1
4376,3
4377,4
4378,5
4379,0
4380,6
4381,9
4382,6
4383,3
4384,5
4385,4
4386,9
4387,3
4388,3
4389,1
4390,0
4391,3
4392,0
4393,1
4394,1
4395,7
4396,2
4397,4
4398,2
4399,1
4400,9
4401,5
4402,2
4403,0
4404,0
4405,7
4406,6
4407,2
4408,9
4409,1
4410,2
4411,1
4412,1
4413,1
4414,2
4415,5
4416,0
4417,6
4418,3
4419,7
4420,0
4421,7
4422,9
4423,9
4424,2
4425,7
4426,6
4427,8
4428,1
4429,9
4430,8
4431,4
4432,0
4433,4
4434,7
4435,9
4436,5
4437,8
4438,1
4439,8
4440,7
4441,1
4442,1
4443,6
4444,9
4445,9
4446,8
4447,0
4448,3
4449,1
4450,2
4451,4
4452,6
4453,8
4454,2
4455,1
4456,6
4457,0
4458,4
4459,5
4460,9
4461,4
4462,2
4463,1
4464,9
4465,5
4466,7
4467,4
4468,0
4469,1
4470,4
4471,3
4472,7
4473,5
4474,1
4475,4
4476,2
4477,6
4478,9
4479,3
4480,4
4481,1
4482,0
4483,5
4484,8
4485,2
4486,5
4487,3
4488,4
4489,7
4490,4
4491,2
4492,0
4493,1
4494,2
4495,3
4496,4
4497,2
4498,1
4499,7
4500,5
4501,1
4502,4
4503,7
4504,7
4505,9
4506,0
4507,2
4508,0
4509,9
4510,1
4511,7
4512,2
4513,5
4514,9
4515,2
4516,7
4517,4
4518,2
4519,8
4520,9
4521,9
4522,0
4523,1
4524,6
4525,1
4526,9
4527,2
4528,3
4529,9
4530,7
4531,6
4532,9
4533,3
4534,1
4535,9
4536,8
4537,1
4538,2
4539,6
4540,0
4541,3
4542,5
4543,9
4544,2
4545,2
4546,5
4547,4
4548,8
4549,7
4550,9
4551,2
4552,2
4553,2
4554,0
4555,0
4556,6
4557,9
4558,4
4559,7
4560,6
4561,3
4562,5
4563,8
4564,8
4565,3
4566,9
4567,9
4568,8
4569,8
4570,4
4571,8
4572,3
4573,0
4574,2
4575,7
4576,5
4577,9
4578,9
4579,1
4580,7
4581,2
4582,3
4583,6
4584,1
4585,8
4586,3
4587,1
4588,5
4589,0
4590,9
4591,4
4592,3
4593,3
4594,8
4595,0
4596,5
4597,4
4598,5
4599,8
4600,8
4601,3
4602,7
4603,8
4604,9
4605,4
4606,4
4607,6
4608,9
4609,9
4610,7
4611,1
4612,2
4613,3
4614,3
4615,2
4616,0
4617,4
4618,3
4619,2
4620,3
4621,3
4622,1
4623,9
4624,4
4625,7
4626,7
4627,8
4628,1
4629,0
4630,1
4631,8
4632,7
4633,3
4634,6
4635,2
4636,1
4637,2
4638,8
4639,1
4640,0
4641,9
4642,0
4643,6
4644,3
4645,1
4646,2
4647,4
4648,1
4649,8
4650,2
4651,4
4652,1
4653,1
4654,6
4655,4
4656,1
4657,2
4658,2
4659,0
4660,4
4661,7
4662,3
4663,7
4664,3
4665,5
4666,9
4667,5
4668,0
4669,4
4670,3
4671,1
4672,6
4673,3
4674,3
4675,9
4676,0
4677,1
4678,1
4679,0
4680,1
4681,5
4682,8
4683,0
4684,3
4685,3
4686,2
4687,9
4688,7
4689,6
4690,4
4691,7
4692,0
4693,1
4694,9
4695,5
4696,4
4697,3
4698,7
4699,8
4700,7
4701,6
4702,2
4703,3
4704,3
4705,3
4706,8
4707,7
4708,9
4709,9
4710,6
4711,0
4712,2
4713,3
4714,5
4715,3
4716,2
4717,5
4718,6
4719,3
4720,5
4721,9
4722,0
4723,2
4724,2
4725,9
4726,2
4727,1
4728,0
4729,1
4730,3
4731,4
4732,2
4733,3
4734,8
4735,3
4736,8
4737,1
4738,1
4739,4
4740,2
4741,8
4742,1
4743,6
4744,1
4745,9
4746,6
4747,7
4748,5
4749,6
4750,7
4751,9
4752,7
4753,9
4754,6
4755,3
4756,1
4757,8
4758,5
4759,7
4760,1
4761,2
4762,4
4763,7
4764,9
4765,5
4766,2
4767,3
4768,2
4769,4
4770,3
4771,4
4772,1
4773,8
4774,5
4775,7
4776,1
4777,1
4778,9
4779,6
4780,9
4781,3
4782,3
4783,9
4784,6
4785,4
4786,7
4787,6
4788,9
4789,1
4790,3
4791,3
4792,0
4793,8
4794,8
4795,0
4796,2
4797,1
4798,2
4799,4
4800,6
4801,4
4802,0
4803,3
4804,4
4805,6
4806,9
4807,2
4808,3
4809,3
4810,0
4811,9
4812,1
4813,5
4814,7
4815,8
4816,3
4817,2
4818,6
4819,3
4820,3
4821,2
4822,9
4823,4
4824,7
4825,6
4826,6
4827,6
4828,0
4829,7
4830,3
4831,1
4832,3
4833,0
4834,1
4835,8
4836,7
4837,2
4838,5
4839,8
4840,8
4841,1
4842,7
4843,3
4844,9
4845,4
4846,7
4847,6
4848,8
4849,7
4850,3
4851,5
4852,8
4853,5
4854,5
4855,5
4856,6
4857,0
4858,6
4859,2
4860,9
4861,5
4862,3
4863,6
4864,5
4865,9
4866,3
4867,4
4868,8
4869,2
4870,7
4871,4
4872,6
4873,7
4874,6
4875,1
4876,2
4877,0
4878,3
4879,8
4880,1
4881,0
4882,7
4883,4
4884,4
4885,1
4886,7
4887,9
4888,4
4889,8
4890,6
4891,0
4892,2
4893,1
4894,7
4895,4
4896,7
4897,9
4898,2
4899,7
4900,2
4901,8
4902,3
4903,2
4904,2
4905,7
4906,3
4907,2
4908,3
4909,4
4910,7
4911,9
4912,9
4913,4
4914,5
4915,3
4916,4
4917,6
4918,1
4919,6
4920,9
4921,8
4922,1
4923,7
4924,8
4925,1
4926,7
4927,9
4928,3
4929,2
4930,2
4931,4
4932,9
4933,7
4934,0
4935,9
4936,4
4937,7
4938,1
4939,0
4940,3
4941,7
4942,6
4943,7
4944,3
4945,8
4946,8
4947,5
4948,6
4949,2
4950,4
4951,9
4952,1
4953,6
4954,9
4955,4
4956,4
4957,8
4958,5
4959,3
4960,7
4961,4
4962,5
4963,4
4964,1
4965,0
4966,5
4967,9
4968,6
4969,1
4970,5
4971,2
4972,3
4973,2
4974,8
4975,1
4976,3
4977,8
4978,1
4979,9
4980,4
4981,9
4982,6
4983,6
4984,9
4985,9
4986,9
4987,5
4988,2
4989,6
4990,6
4991,1
4992,2
4993,9
4994,9
4995,3
4996,0
4997,8
4998,9
4999,8
5000,5
5001,3
5002,2
5003,4
5004,6
5005,4
5006,4
5007,4
5008,5
5009,6
5010,2
5011,8
5012,4
5013,7
5014,9
5015,4
5016,9
5017,0
5018,1
5019,1
5020,3
5021,9
5022,4
5023,3
5024,3
5025,6
5026,9
5027,7
5028,1
5029,7
5030,3
5031,2
5032,8
5033,8
5034,3
5035,5
5036,4
5037,4
5038,4
5039,0
5040,3
5041,3
5042,0
5043,6
5044,2
5045,7
5046,0
5047,0
5048,8
5049,1
5050,3
5051,8
5052,9
5053,8
5054,1
5055,7
5056,8
5057,6
5058,9
5059,4
5060,7
5061,9
5062,2
5063,6
5064,6
5065,1
5066,2
5067,1
5068,1
5069,9
5070,4
5071,1
5072,6
5073,0
5074,0
5075,6
5076,7
5077,7
5078,4
5079,1
5080,2
5081,3
5082,3
5083,3
5084,4
5085,4
5086,9
5087,2
5088,0
5089,0
5090,4
5091,6
5092,0
5093,4
5094,8
5095,4
5096,4
5097,0
5098,1
5099,6
5100,2
5101,4
5102,5
5103,8
5104,6
5105,1
5106,1
5107,7
5108,4
5109,1
5110,5
5111,2
5112,8
5113,8
5114,2
5115,6
5116,0
5117,2
5118,3
5119,8
5120,6
5121,8
5122,2
5123,0
5124,2
5125,6
5126,7
5127,1
5128,9
5129,8
5130,4
5131,2
5132,2
5133,7
5134,8
5135,2
5136,6
5137,7
5138,8
5139,0
5140,0
5141,7
5142,9
5143,3
5144,8
5145,8
5146,2
5147,6
5148,1
5149,3
5150,3
5151,3
5152,2
5153,7
5154,6
5155,2
5156,2
5157,6
5158,0
5159,1
5160,1
5161,7
5162,2
5163,3
5164,8
5165,3
5166,2
5167,8
5168,9
5169,3
5170,9
5171,9
5172,0
5173,6
5174,0
5175,4
5176,4
5177,8
5178,9
5179,5
5180,8
5181,0
5182,0
5183,6
5184,7
5185,7
5186,0
5187,9
5188,6
5189,8
5190,1
5191,9
5192,1
5193,8
5194,4
5195,8
5196,3
5197,9
5198,3
5199,9
5200,9
5201,2
5202,1
5203,9
5204,2
5205,6
5206,6
5207,3
5208,8
5209,4
5210,8
5211,3
5212,2
5213,4
5214,5
5215,8
5216,7
5217,1
5218,0
5219,9
5220,7
5221,0
5222,0
5223,2
5224,0
5225,0
5226,2
5227,9
5228,9
5229,7
5230,9
5231,3
5232,8
5233,9
5234,9
5235,0
5236,9
5237,8
5238,9
5239,5
5240,0
5241,4
5242,3
5243,6
5244,2
5245,3
5246,9
5247,7
5248,2
5249,9
5250,2
5251,0
5252,8
5253,5
5254,8
5255,2
5256,7
5257,9
5258,2
5259,5
5260,0
5261,7
5262,0
5263,5
5264,9
5265,6
5266,5
5267,5
5268,4
5269,4
5270,7
5271,1
5272,7
5273,4
5274,3
5275,9
5276,1
5277,3
5278,8
5279,6
5280,7
5281,0
5282,8
5283,9
5284,3
5285,3
5286,7
5287,1
5288,9
5289,6
5290,7
5291,6
5292,3
5293,7
5294,5
5295,8
5296,1
5297,1
5298,5
5299,3
5300,2
5301,0
5302,7
5303,9
5304,8
5305,8
5306,8
5307,4
5308,6
5309,6
5310,0
5311,2
5312,0
5313,7
5314,0
5315,1
5316,9
5317,7
5318,8
5319,4
5320,6
5321,9
5322,4
5323,7
5324,2
5325,3
5326,4
5327,1
5328,5
5329,4
5330,6
5331,9
5332,5
5333,9
5334,4
5335,6
5336,0
5337,1
5338,9
5339,2
5340,5
5341,5
5342,6
5343,3
5344,0
5345,0
5346,4
5347,1
5348,7
5349,9
5350,6
5351,4
5352,5
5353,8
5354,2
5355,5
5356,8
5357,3
5358,4
5359,4
5360,1
5361,5
5362,9
5363,3
5364,0
5365,0
5366,0
5367,7
5368,8
5369,9
5370,8
5371,9
5372,0
5373,8
5374,8
5375,9
5376,8
5377,5
5378,9
5379,4
5380,4
5381,4
5382,9
5383,1
5384,4
5385,1
5386,3
5387,0
5388,5
5389,7
5390,5
5391,5
5392,0
5393,0
5394,6
5395,7
5396,2
5397,2
5398,7
5399,1
5400,7
5401,9
5402,0
5403,6
5404,7
5405,6
5406,7
5407,1
5408,2
5409,1
5410,5
5411,9
5412,6
5413,8
5414,8
5415,4
5416,2
5417,3
5418,6
5419,7
5420,8
5421,0
5422,7
5423,8
5424,1
5425,7
5426,8
5427,0
5428,0
5429,6
5430,2
5431,2
5432,2
5433,0
5434,7
5435,3
5436,2
5437,1
5438,1
5439,3
5440,2
5441,4
5442,3
5443,5
5444,8
5445,0
5446,2
5447,4
5448,2
5449,3
5450,2
5451,1
5452,5
5453,8
5454,3
5455,5
5456,8
5457,5
5458,5
5459,7
5460,7
5461,8
5462,2
5463,3
5464,7
5465,2
5466,5
5467,7
5468,8
5469,0
5470,2
5471,6
5472,1
5473,8
5474,5
5475,2
5476,4
5477,0
5478,2
5479,1
5480,4
5481,0
5482,5
5483,4
5484,1
5485,0
5486,3
5487,3
5488,7
5489,9
5490,6
5491,9
5492,2
5493,2
5494,7
5495,0
5496,4
5497,2
5498,6
5499,6
5500,5
5501,5
5502,4
5503,6
5504,6
5505,9
5506,0
5507,4
5508,6
5509,2
5510,8
5511,9
5512,8
5513,0
5514,3
5515,9
5516,4
5517,2
5518,0
5519,2
5520,2
5521,2
5522,7
5523,5
5524,2
5525,2
5526,2
5527,1
5528,9
5529,3
5530,6
5531,2
5532,3
5533,3
5534,6
5535,1
5536,1
5537,7
5538,2
5539,0
5540,4
5541,9
5542,1
5543,5
5544,8
5545,1
5546,8
5547,1
5548,7
5549,4
5550,4
5551,9
5552,1
5553,0
5554,4
5555,0
5556,8
5557,0
5558,1
5559,1
5560,2
5561,9
5562,7
5563,1
5564,4
5565,2
5566,5
5567,6
5568,4
5569,2
5570,8
5571,2
5572,9
5573,6
5574,9
5575,7
5576,7
5577,6
5578,1
5579,5
5580,9
5581,2
5582,6
5583,1
5584,5
5585,6
5586,0
5587,1
5588,3
5589,9
5590,3
5591,7
5592,5
5593,9
5594,9
5595,2
5596,9
5597,8
5598,2
5599,5
5600,5
5601,9
5602,3
5603,2
5604,9
5605,2
5606,3
5607,6
5608,9
5609,6
5610,2
5611,5
5612,7
5613,4
5614,7
5615,9
5616,4
5617,4
5618,3
5619,8
5620,0
5621,0
5622,4
5623,1
5624,2
5625,5
5626,4
5627,0
5628,3
5629,4
5630,2
5631,6
5632,1
5633,3
5634,8
5635,3
5636,6
5637,8
5638,5
5639,9
5640,2
5641,0
5642,7
5643,6
5644,2
5645,1
5646,6
5647,1
5648,7
5649,6
5650,1
5651,5
5652,7
5653,0
5654,9
5655,2
5656,9
5657,8
5658,3
5659,2
5660,6
5661,3
5662,7
5663,7
5664,8
5665,8
5666,8
5667,5
5668,2
5669,5
5670,1
5671,5
5672,9
5673,9
5674,6
5675,0
5676,9
5677,7
5678,7
5679,3
5680,5
5681,3
5682,1
5683,4
5684,4
5685,1
5686,1
5687,1
5688,0
5689,1
5690,8
5691,0
5692,2
5693,3
5694,3
5695,7
5696,8
5697,6
5698,7
5699,1
5700,0
5701,6
5702,3
5703,4
5704,3
5705,8
5706,8
5707,7
5708,4
5709,1
5710,1
5711,5
5712,9
5713,9
5714,7
5715,5
5716,7
5717,9
5718,7
5719,4
5720,1
5721,8
5722,0
5723,2
5724,7
5725,8
5726,6
5727,0
5728,7
5729,5
5730,6
5731,6
5732,3
5733,9
5734,8
5735,1
5736,1
5737,3
5738,0
5739,4
5740,6
5741,2
5742,1
5743,2
5744,3
5745,9
5746,5
5747,5
5748,6
5749,3
5750,7
5751,5
5752,1
5753,0
5754,7
5755,2
5756,3
5757,9
5758,2
5759,9
5760,6
5761,8
5762,2
5763,9
5764,5
5765,2
5766,2
5767,4
5768,9
5769,3
5770,6
5771,2
5772,9
5773,8
5774,4
5775,1
5776,2
5777,2
5778,8
5779,9
5780,7
5781,6
5782,9
5783,8
5784,1
5785,7
5786,8
5787,5
5788,0
5789,7
5790,7
5791,5
5792,7
5793,8
5794,9
5795,0
5796,9
5797,1
5798,8
5799,3
5800,3
5801,1
5802,2
5803,6
5804,8
5805,3
5806,6
5807,4
5808,7
5809,1
5810,2
5811,3
5812,4
5813,9
5814,6
5815,6
5816,1
5817,3
5818,5
5819,3
5820,3
5821,2
5822,0
5823,7
5824,0
5825,9
5826,8
5827,1
5828,4
5829,2
5830,3
5831,7
5832,7
5833,0
5834,0
5835,7
5836,1
5837,0
5838,9
5839,8
5840,5
5841,8
5842,2
5843,5
5844,8
5845,4
5846,7
5847,2
5848,1
5849,3
5850,1
5851,6
5852,0
5853,9
5854,9
5855,1
5856,2
5857,9
5858,7
5859,5
5860,3
5861,9
5862,1
5863,1
5864,4
5865,6
5866,9
5867,9
5868,0
5869,5
5870,3
5871,2
5872,9
5873,4
5874,9
5875,9
5876,6
5877,0
5878,0
5879,1
5880,3
5881,1
5882,4
5883,9
5884,0
5885,8
5886,9
5887,3
5888,5
5889,6
5890,9
5891,4
5892,2
5893,6
5894,3
5895,5
5896,8
5897,3
5898,1
5899,9
5900,5
5901,2
5902,1
5903,7
5904,4
5905,1
5906,5
5907,3
5908,0
5909,3
5910,0
5911,3
5912,8
5913,1
5914,3
5915,8
5916,0
5917,3
5918,7
5919,2
5920,0
5921,4
5922,1
5923,8
5924,1
5925,3
5926,4
5927,8
5928,7
5929,1
5930,8
5931,0
5932,7
5933,7
5934,3
5935,1
5936,7
5937,5
5938,3
5939,0
5940,9
5941,6
5942,0
5943,9
5944,9
5945,1
5946,1
5947,8
5948,9
5949,7
5950,5
5951,8
5952,7
5953,2
5954,3
5955,4
5956,2
5957,5
5958,4
5959,6
5960,7
5961,2
5962,2
5963,9
5964,8
5965,6
5966,2
5967,5
5968,3
5969,5
5970,8
5971,3
5972,8
5973,4
5974,0
5975,8
5976,7
5977,3
5978,4
5979,8
5980,8
5981,8
5982,9
5983,9
5984,4
5985,0
5986,2
5987,3
5988,7
5989,0
5990,2
5991,8
5992,0
5993,8
5994,2
5995,4
5996,3
5997,2
5998,7
5999,8
6000,3
6001,6
6002,3
6003,0
6004,1
6005,7
6006,5
6007,4
6008,2
6009,0
6010,0
6011,6
6012,2
6013,0
6014,3
6015,6
6016,4
6017,4
6018,3
6019,1
6020,0
6021,3
6022,3
6023,6
6024,4
6025,2
6026,3
6027,9
6028,7
6029,3
6030,7
6031,4
6032,5
6033,8
6034,3
6035,9
6036,0
6037,4
6038,1
6039,2
6040,6
6041,8
6042,7
6043,3
6044,7
6045,3
6046,2
6047,0
6048,8
6049,1
6050,8
6051,9
6052,0
6053,8
6054,6
6055,2
6056,1
6057,0
6058,4
6059,1
6060,4
6061,3
6062,9
6063,3
6064,1
6065,1
6066,6
6067,0
6068,6
6069,1
6070,2
6071,4
6072,4
6073,7
6074,5
6075,9
6076,7
6077,8
6078,2
6079,4
6080,7
6081,6
6082,1
6083,4
6084,7
6085,7
6086,2
6087,6
6088,2
6089,2
6090,8
6091,5
6092,4
6093,5
6094,9
6095,2
6096,1
6097,5
6098,1
6099,4
6100,9
6101,5
6102,5
6103,1
6104,0
6105,6
6106,2
6107,0
6108,7
6109,7
6110,5
6111,0
6112,7
6113,4
6114,4
6115,5
6116,7
6117,6
6118,1
6119,6
6120,1
6121,4
6122,7
6123,3
6124,1
6125,0
6126,0
6127,4
6128,7
6129,1
6130,2
6131,6
6132,2
6133,6
6134,9
6135,8
6136,2
6137,6
6138,2
6139,9
6140,6
6141,1
6142,7
6143,4
6144,5
6145,8
6146,5
6147,6
6148,6
6149,7
6150,8
6151,7
6152,7
6153,8
6154,6
6155,0
6156,8
6157,6
6158,4
6159,1
6160,3
6161,3
6162,6
6163,9
6164,0
6165,2
6166,7
6167,2
6168,6
6169,8
6170,4
6171,5
6172,2
6173,2
6174,7
6175,3
6176,9
6177,7
6178,6
6179,3
6180,5
6181,1
6182,0
6183,4
6184,9
6185,1
6186,1
6187,6
6188,8
6189,7
6190,9
6191,1
6192,3
6193,4
6194,0
6195,6
6196,6
6197,4
6198,4
6199,3
6200,4
6201,4
6202,9
6203,8
6204,0
6205,1
6206,4
6207,7
6208,3
6209,7
6210,9
6211,3
6212,6
6213,4
6214,5
6215,6
6216,0
6217,8
6218,0
6219,7
6220,1
6221,7
6222,8
6223,3
6224,0
6225,1
6226,0
6227,3
6228,1
6229,9
6230,8
6231,6
6232,7
6233,1
6234,4
6235,7
6236,9
6237,6
6238,0
6239,0
6240,0
6241,6
6242,2
6243,2
6244,0
6245,6
6246,0
6247,7
6248,6
6249,8
6250,1
6251,8
6252,6
6253,4
6254,4
6255,1
6256,0
6257,3
6258,9
6259,2
6260,5
6261,8
6262,0
6263,9
6264,5
6265,5
6266,6
6267,6
6268,2
6269,5
6270,8
6271,7
6272,2
6273,3
6274,6
6275,9
6276,7
6277,5
6278,5
6279,3
6280,6
6281,0
6282,4
6283,9
6284,1
6285,1
6286,5
6287,2
6288,0
6289,5
6290,1
6291,1
6292,7
6293,1
6294,8
6295,5
6296,2
6297,6
6298,3
6299,1
6300,6
6301,3
6302,8
6303,3
6304,8
6305,8
6306,7
6307,8
6308,2
6309,4
6310,8
6311,3
6312,2
6313,5
6314,2
6315,0
6316,7
6317,6
6318,2
6319,4
6320,0
6321,7
6322,2
6323,3
6324,9
6325,2
6326,1
6327,7
6328,8
6329,9
6330,1
6331,9
6332,8
6333,4
6334,6
6335,7
6336,5
6337,2
6338,9
6339,3
6340,8
6341,8
6342,0
6343,4
6344,2
6345,3
6346,7
6347,3
6348,8
6349,0
6350,9
6351,7
6352,7
6353,8
6354,8
6355,3
6356,4
6357,9
6358,3
6359,2
6360,1
6361,3
6362,4
6363,8
6364,2
6365,1
6366,0
6367,6
6368,9
6369,0
6370,6
6371,5
6372,2
6373,7
6374,0
6375,9
6376,4
6377,1
6378,7
6379,4
6380,2
6381,8
6382,0
6383,6
6384,6
6385,0
6386,7
6387,3
6388,2
6389,2
6390,4
6391,9
6392,0
6393,4
6394,7
6395,3
6396,5
6397,1
6398,5
6399,9
6400,4
6401,8
6402,9
6403,6
6404,9
6405,0
6406,6
6407,8
6408,5
6409,7
6410,2
6411,6
6412,9
6413,2
6414,5
6415,2
6416,7
6417,8
6418,5
6419,8
6420,2
6421,4
6422,9
6423,5
6424,8
6425,5
6426,6
6427,4
6428,8
6429,8
6430,1
6431,0
6432,4
6433,5
6434,6
6435,7
6436,1
6437,3
6438,5
6439,1
6440,8
6441,7
6442,9
6443,3
6444,4
6445,7
6446,0
6447,2
6448,1
6449,6
6450,3
6451,1
6452,6
6453,3
6454,0
6455,3
6456,0
6457,0
6458,0
6459,2
6460,6
6461,6
6462,7
6463,8
6464,4
6465,3
6466,4
6467,7
6468,8
6469,3
6470,1
6471,3
6472,0
6473,2
6474,9
6475,6
6476,2
6477,6
6478,9
6479,3
6480,3
6481,5
6482,4
6483,0
6484,9
6485,8
6486,3
6487,2
6488,5
6489,3
6490,8
6491,3
6492,6
6493,0
6494,8
6495,1
6496,2
6497,7
6498,1
6499,5
6500,6
6501,1
6502,6
6503,9
6504,0
6505,6
6506,0
6507,6
6508,2
6509,2
6510,3
6511,4
6512,6
6513,5
6514,7
6515,0
6516,8
6517,4
6518,3
6519,5
6520,0
6521,3
6522,6
6523,4
6524,0
6525,1
6526,9
6527,1
6528,0
6529,0
6530,8
6531,8
6532,5
6533,6
6534,6
6535,6
6536,5
6537,1
6538,1
6539,4
6540,3
6541,1
6542,1
6543,9
6544,2
6545,0
6546,8
6547,0
6548,4
6549,0
6550,9
6551,6
6552,7
6553,1
6554,0
6555,1
6556,2
6557,2
6558,4
6559,3
6560,1
6561,0
6562,6
6563,6
6564,0
6565,7
6566,3
6567,3
6568,9
6569,3
6570,8
6571,1
6572,3
6573,9
6574,0
6575,8
6576,4
6577,9
6578,9
6579,0
6580,1
6581,3
6582,7
6583,8
6584,5
6585,5
6586,4
6587,2
6588,4
6589,3
6590,4
6591,1
6592,4
6593,0
6594,4
6595,3
6596,4
6597,4
6598,0
6599,1
6600,6
6601,8
6602,2
6603,1
6604,5
6605,6
6606,9
6607,2
6608,8
6609,4
6610,0
6611,7
6612,7
6613,6
6614,8
6615,6
6616,0
6617,3
6618,5
6619,9
6620,2
6621,9
6622,8
6623,4
6624,1
6625,8
6626,9
6627,7
6628,7
6629,9
6630,1
6631,1
6632,0
6633,1
6634,1
6635,1
6636,1
6637,8
6638,5
6639,9
6640,3
6641,1
6642,7
6643,9
6644,5
6645,6
6646,8
6647,8
6648,1
6649,9
6650,6
6651,8
6652,2
6653,4
6654,3
6655,1
6656,1
6657,9
6658,7
6659,2
6660,9
6661,3
6662,1
6663,6
6664,5
6665,9
6666,4
6667,0
6668,1
6669,8
6670,7
6671,9
6672,2
6673,7
6674,2
6675,5
6676,7
6677,4
6678,6
6679,2
6680,5
6681,0
6682,2
6683,3
6684,3
6685,5
6686,6
6687,8
6688,5
6689,8
6690,5
6691,1
6692,8
6693,4
6694,6
6695,9
6696,7
6697,8
6698,7
6699,2
6700,7
6701,3
6702,3
6703,1
6704,0
6705,6
6706,1
6707,4
6708,5
6709,7
6710,8
6711,9
6712,7
6713,9
6714,7
6715,2
6716,2
6717,5
6718,3
6719,3
6720,9
6721,9
6722,2
6723,6
6724,1
6725,7
6726,9
6727,3
6728,3
6729,6
6730,4
6731,7
6732,3
6733,2
6734,2
6735,8
6736,6
6737,1
6738,3
6739,5
6740,0
6741,0
6742,3
6743,2
6744,9
6745,7
6746,2
6747,8
6748,5
6749,1
6750,2
6751,1
6752,6
6753,2
6754,2
6755,7
6756,8
6757,9
6758,0
6759,8
6760,0
6761,3
6762,0
6763,9
6764,8
6765,5
6766,9
6767,9
6768,5
6769,6
6770,5
6771,5
6772,2
6773,6
6774,1
6775,5
6776,3
6777,6
6778,1
6779,4
6780,7
6781,8
6782,2
6783,0
6784,8
6785,4
6786,6
6787,2
6788,3
6789,5
6790,7
6791,5
6792,1
6793,1
6794,3
6795,2
6796,0
6797,7
6798,2
6799,3
6800,1
6801,0
6802,3
6803,9
6804,5
6805,8
6806,3
6807,7
6808,4
6809,6
6810,5
6811,1
6812,0
6813,4
6814,1
6815,8
6816,3
6817,3
6818,1
6819,0
6820,9
6821,4
6822,1
6823,8
6824,5
6825,6
6826,7
6827,3
6828,2
6829,8
6830,7
6831,0
6832,1
6833,1
6834,4
6835,1
6836,0
6837,8
6838,5
6839,8
6840,8
6841,2
6842,4
6843,5
6844,4
6845,6
6846,9
6847,7
6848,2
6849,7
6850,9
6851,4
6852,7
6853,7
6854,4
6855,0
6856,3
6857,8
6858,2
6859,8
6860,2
6861,7
6862,9
6863,8
6864,2
6865,1
6866,2
6867,9
6868,0
6869,0
6870,0
6871,8
6872,0
6873,5
6874,3
6875,5
6876,5
6877,2
6878,1
6879,3
6880,1
6881,0
6882,8
6883,6
6884,7
6885,8
6886,4
6887,1
6888,8
6889,9
6890,1
6891,9
6892,3
6893,4
6894,0
6895,1
6896,6
6897,4
6898,1
6899,1
6900,3
6901,8
6902,1
6903,1
6904,5
6905,0
6906,1
6907,5
6908,1
6909,5
6910,8
6911,2
6912,8
6913,4
6914,6
6915,2
6916,0
6917,7
6918,8
6919,1
6920,0
6921,0
6922,8
6923,6
6924,9
6925,0
6926,1
6927,1
6928,1
6929,9
6930,2
6931,4
6932,8
6933,8
6934,8
6935,0
6936,2
6937,9
6938,2
6939,1
6940,8
6941,4
6942,4
6943,0
6944,2
6945,4
6946,5
6947,0
6948,2
6949,7
6950,0
6951,0
6952,9
6953,8
6954,1
6955,0
6956,5
6957,8
6958,4
6959,0
6960,5
6961,2
6962,7
6963,1
6964,5
6965,8
6966,6
6967,0
6968,2
6969,5
6970,0
6971,1
6972,2
6973,2
6974,4
6975,6
6976,0
6977,7
6978,4
6979,2
6980,7
6981,9
6982,7
6983,7
6984,8
6985,7
6986,0
6987,5
6988,4
6989,4
6990,7
6991,8
6992,3
6993,2
6994,8
6995,8
6996,6
6997,7
6998,4
6999,9
7000,7
7001,6
7002,4
7003,0
7004,1
7005,7
7006,8
7007,0
7008,3
7009,5
7010,5
7011,2
7012,5
7013,9
7014,1
7015,7
7016,7
7017,4
7018,8
7019,7
7020,4
7021,3
7022,4
7023,2
7024,3
7025,2
7026,3
7027,8
7028,2
7029,6
7030,7
7031,9
7032,6
7033,0
7034,7
7035,5
7036,8
7037,4
7038,9
7039,9
7040,0
7041,6
7042,1
7043,1
7044,7
7045,5
7046,0
7047,9
7048,2
7049,7
7050,4
7051,9
7052,6
7053,4
7054,3
7055,1
7056,3
7057,7
7058,6
7059,1
7060,9
7061,4
7062,2
7063,9
7064,0
7065,4
7066,0
7067,7
7068,4
7069,0
7070,4
7071,7
7072,7
7073,8
7074,1
7075,6
7076,0
7077,2
7078,7
7079,2
7080,7
7081,3
7082,2
7083,6
7084,7
7085,5
7086,8
7087,1
7088,1
7089,4
7090,5
7091,7
7092,1
7093,8
7094,9
7095,5
7096,3
7097,1
7098,2
7099,3
7100,7
7101,1
7102,7
7103,7
7104,2
7105,5
7106,8
7107,9
7108,1
7109,6
7110,4
7111,8
7112,5
7113,1
7114,7
7115,3
7116,8
7117,6
7118,7
7119,6
7120,2
7121,7
7122,5
7123,4
7124,6
7125,3
7126,0
7127,5
7128,6
7129,4
7130,2
7131,0
7132,3
7133,7
7134,9
7135,3
7136,9
7137,0
7138,1
7139,8
7140,3
7141,5
7142,2
7143,3
7144,0
7145,0
7146,7
7147,6
7148,7
7149,4
7150,8
7151,0
7152,8
7153,2
7154,0
7155,2
7156,4
7157,7
7158,0
7159,1
7160,9
7161,1
7162,1
7163,5
7164,6
7165,6
7166,5
7167,1
7168,5
7169,2
7170,7
7171,1
7172,0
7173,6
7174,5
7175,0
7176,3
7177,3
7178,7
7179,4
7180,1
7181,3
7182,9
7183,3
7184,7
7185,4
7186,6
7187,3
7188,4
7189,3
7190,4
7191,1
7192,3
7193,7
7194,8
7195,7
7196,0
7197,5
7198,2
7199,1
7200,1
7201,9
7202,6
7203,9
7204,5
7205,0
7206,2
7207,6
7208,0
7209,1
7210,7
7211,5
7212,5
7213,0
7214,4
7215,8
7216,5
7217,7
7218,5
7219,3
7220,7
7221,4
7222,4
7223,4
7224,9
7225,3
7226,2
7227,2
7228,3
7229,9
7230,4
7231,1
7232,2
7233,5
7234,3
7235,3
7236,6
7237,6
7238,1
7239,2
7240,4
7241,2
7242,5
7243,9
7244,7
7245,0
7246,7
7247,7
7248,3
7249,7
7250,4
7251,3
7252,8
7253,1
7254,5
7255,9
7256,8
7257,6
7258,7
7259,0
7260,4
7261,1
7262,7
7263,4
7264,3
7265,7
7266,0
7267,1
7268,1
7269,9
7270,2
7271,7
7272,4
7273,6
7274,1
7275,0
7276,2
7277,2
7278,9
7279,2
7280,3
7281,2
7282,2
7283,6
7284,3
7285,3
7286,1
7287,7
7288,6
7289,8
7290,0
7291,7
7292,2
7293,1
7294,3
7295,9
7296,5
7297,7
7298,2
7299,8
7300,6
7301,9
7302,4
7303,1
7304,1
7305,1
7306,2
7307,5
7308,6
7309,1
7310,1
7311,4
7312,8
7313,8
7314,7
7315,5
7316,5
7317,4
7318,7
7319,6
7320,5
7321,4
7322,5
7323,2
7324,3
7325,8
7326,3
7327,4
7328,2
7329,2
7330,3
7331,0
7332,9
7333,4
7334,6
7335,4
7336,5
7337,2
7338,6
7339,7
7340,3
7341,6
7342,5
7343,9
7344,0
7345,1
7346,1
7347,5
7348,5
7349,9
7350,6
7351,7
7352,4
7353,3
7354,9
7355,2
7356,0
7357,7
7358,3
7359,9
7360,7
7361,4
7362,1
7363,8
7364,5
7365,2
7366,6
7367,7
7368,7
7369,6
7370,7
7371,0
7372,8
7373,6
7374,5
7375,3
7376,5
7377,6
7378,4
7379,9
7380,4
7381,9
7382,7
7383,3
7384,4
7385,2
7386,6
7387,0
7388,9
7389,9
7390,0
7391,8
7392,5
7393,0
7394,7
7395,0
7396,7
7397,6
7398,5
7399,9
7400,5
7401,3
7402,6
7403,1
7404,1
7405,8
7406,0
7407,1
7408,9
7409,6
7410,2
7411,7
7412,3
7413,0
7414,2
7415,3
7416,1
7417,5
7418,7
7419,2
7420,3
7421,7
7422,0
7423,6
7424,5
7425,9
7426,7
7427,2
7428,4
7429,3
7430,8
7431,8
7432,7
7433,9
7434,3
7435,4
7436,0
7437,1
7438,1
7439,9
7440,7
7441,2
7442,7
7443,1
7444,8
7445,7
7446,2
7447,0
7448,1
7449,1
7450,0
7451,9
7452,8
7453,4
7454,7
7455,0
7456,2
7457,2
7458,5
7459,1
7460,4
7461,1
7462,1
7463,6
7464,0
7465,4
7466,7
7467,9
7468,4
7469,6
7470,4
7471,6
7472,7
7473,4
7474,2
7475,5
7476,3
7477,5
7478,1
7479,2
7480,2
7481,2
7482,1
7483,2
7484,7
7485,9
7486,7
7487,3
7488,0
7489,0
7490,4
7491,7
7492,3
7493,0
7494,7
7495,0
7496,3
7497,1
7498,8
7499,4
7500,7
7501,9
7502,6
7503,9
7504,6
7505,6
7506,9
7507,2
7508,6
7509,2
7510,8
7511,1
7512,8
7513,4
7514,0
7515,6
7516,7
7517,3
7518,1
7519,5
7520,8
7521,3
7522,6
7523,2
7524,3
7525,3
7526,5
7527,9
7528,8
7529,9
7530,6
7531,5
7532,2
7533,8
7534,4
7535,8
7536,2
7537,3
7538,1
7539,7
7540,6
7541,6
7542,3
7543,2
7544,3
7545,3
7546,8
7547,4
7548,5
7549,7
7550,8
7551,4
7552,6
7553,7
7554,3
7555,9
7556,7
7557,9
7558,9
7559,5
7560,2
7561,1
7562,1
7563,9
7564,8
7565,7
7566,6
7567,6
7568,3
7569,4
7570,5
7571,1
7572,2
7573,4
7574,5
7575,5
7576,9
7577,7
7578,3
7579,1
7580,0
7581,7
7582,8
7583,0
7584,9
7585,7
7586,6
7587,5
7588,6
7589,7
7590,2
7591,2
7592,2
7593,7
7594,2
7595,3
7596,7
7597,5
7598,6
7599,2
7600,3
7601,4
7602,0
7603,7
7604,1
7605,8
7606,1
7607,2
7608,7
7609,3
7610,4
7611,7
7612,1
7613,8
7614,1
7615,7
7616,0
7617,7
7618,5
7619,3
7620,9
7621,9
7622,9
7623,1
7624,2
7625,6
7626,9
7627,2
7628,7
7629,1
7630,5
7631,8
7632,2
7633,3
7634,3
7635,1
7636,9
7637,0
7638,5
7639,4
7640,7
7641,7
7642,7
7643,2
7644,9
7645,4
7646,0
7647,4
7648,5
7649,4
7650,7
7651,9
7652,0
7653,3
7654,3
7655,5
7656,1
7657,7
7658,9
7659,8
7660,4
7661,5
7662,5
7663,9
7664,1
7665,9
7666,9
7667,1
7668,9
7669,4
7670,6
7671,9
7672,5
7673,8
7674,5
7675,1
7676,2
7677,8
7678,5
7679,0
7680,9
7681,6
7682,5
7683,5
7684,6
7685,2
7686,5
7687,1
7688,0
7689,5
7690,1
7691,8
7692,4
7693,9
7694,5
7695,3
7696,4
7697,7
7698,8
7699,3
7700,0
7701,8
7702,8
7703,5
7704,2
7705,9
7706,0
7707,2
7708,5
7709,5
7710,5
7711,5
7712,0
7713,1
7714,3
7715,2
7716,0
7717,0
7718,9
7719,3
7720,3
7721,9
7722,9
7723,6
7724,5
7725,2
7726,5
7727,1
7728,5
7729,0
7730,6
7731,5
7732,6
7733,0
7734,5
7735,7
7736,2
7737,2
7738,9
7739,9
7740,4
7741,4
7742,8
7743,1
7744,7
7745,9
7746,4
7747,0
7748,0
7749,0
7750,2
7751,7
7752,6
7753,6
7754,8
7755,3
7756,5
7757,1
7758,9
7759,3
7760,4
7761,1
7762,5
7763,4
7764,8
7765,3
7766,5
7767,2
7768,6
7769,1
7770,7
7771,3
7772,1
7773,1
7774,9
7775,7
7776,5
7777,0
7778,4
7779,9
7780,0
7781,7
7782,0
7783,0
7784,3
7785,8
7786,0
7787,8
7788,4
7789,9
7790,1
7791,9
7792,5
7793,8
7794,4
7795,1
7796,7
7797,0
7798,7
7799,0
7800,5
7801,0
7802,7
7803,3
7804,1
7805,3
7806,0
7807,5
7808,4
7809,5
7810,9
7811,0
7812,3
7813,6
7814,8
7815,1
7816,6
7817,7
7818,4
7819,2
7820,4
7821,5
7822,6
7823,2
7824,6
7825,6
7826,7
7827,6
7828,4
7829,4
7830,8
7831,1
7832,5
7833,0
7834,6
7835,5
7836,0
7837,0
7838,6
7839,1
7840,0
7841,7
7842,1
7843,1
7844,3
7845,6
7846,9
7847,6
7848,7
7849,7
7850,0
7851,2
7852,3
7853,4
7854,7
7855,0
7856,3
7857,5
7858,6
7859,1
7860,3
7861,1
7862,2
7863,1
7864,5
7865,0
7866,2
7867,9
7868,5
7869,5
7870,7
7871,9
7872,4
7873,1
7874,3
7875,7
7876,3
7877,3
7878,9
7879,7
7880,9
7881,3
7882,0
7883,8
7884,1
7885,1
7886,1
7887,7
7888,3
7889,2
7890,1
7891,1
7892,7
7893,5
7894,3
7895,5
7896,4
7897,9
7898,1
7899,5
7900,0
7901,8
7902,3
7903,1
7904,3
7905,2
7906,2
7907,4
7908,1
7909,6
7910,7
7911,8
7912,0
7913,9
7914,2
7915,2
7916,1
7917,7
7918,6
7919,6
7920,4
7921,3
7922,9
7923,4
7924,4
7925,1
7926,1
7927,8
7928,1
7929,1
7930,3
7931,2
7932,7
7933,1
7934,0
7935,1
7936,2
7937,2
7938,2
7939,5
7940,9
7941,8
7942,7
7943,1
7944,6
7945,3
7946,4
7947,2
7948,8
7949,1
7950,9
7951,9
7952,0
7953,8
7954,3
7955,7
7956,1
7957,7
7958,3
7959,5
7960,6
7961,2
7962,4
7963,2
7964,0
7965,2
7966,5
7967,2
7968,1
7969,0
7970,1
7971,2
7972,3
7973,7
7974,4
7975,7
7976,2
7977,2
7978,3
7979,7
7980,5
7981,3
7982,4
7983,5
7984,8
7985,7
7986,9
7987,6
7988,0
7989,6
7990,2
7991,2
7992,5
7993,3
7994,2
7995,2
7996,0
7997,0
7998,4
7999,5
8000,0
8001,3
8002,9
8003,7
8004,3
8005,1
8006,2
8007,4
8008,9
8009,8
8010,9
8011,4
8012,7
8013,9
8014,0
8015,2
8016,9
8017,6
8018,4
8019,8
8020,9
8021,1
8022,5
8023,4
8024,2
8025,0
8026,5
8027,1
8028,7
8029,6
8030,2
8031,0
8032,3
8033,3
8034,5
8035,0
8036,6
8037,4
8038,0
8039,9
8040,3
8041,1
8042,2
8043,4
8044,8
8045,0
8046,2
8047,8
8048,9
8049,1
8050,3
8051,6
8052,8
8053,3
8054,1
8055,1
8056,1
8057,1
8058,7
8059,7
8060,8
8061,9
8062,4
8063,8
8064,7
8065,4
8066,8
8067,3
8068,7
8069,2
8070,5
8071,7
8072,1
8073,9
8074,4
8075,9
8076,8
8077,6
8078,5
8079,8
8080,0
8081,9
8082,5
8083,3
8084,7
8085,2
8086,0
8087,2
8088,8
8089,0
8090,2
8091,4
8092,9
8093,3
8094,5
8095,8
8096,1
8097,9
8098,8
8099,8
8100,7
8101,7
8102,9
8103,1
8104,8
8105,9
8106,6
8107,8
8108,2
8109,4
8110,4
8111,3
8112,4
8113,4
8114,5
8115,8
8116,3
8117,4
8118,1
8119,1
8120,7
8121,4
8122,9
8123,2
8124,0
8125,3
8126,1
8127,3
8128,1
8129,8
8130,4
8131,7
8132,1
8133,7
8134,7
8135,2
8136,5
8137,6
8138,7
8139,7
8140,8
8141,8
8142,6
8143,5
8144,2
8145,2
8146,2
8147,8
8148,3
8149,3
8150,9
8151,8
8152,7
8153,2
8154,5
8155,2
8156,3
8157,3
8158,3
8159,8
8160,2
8161,1
8162,9
8163,4
8164,0
8165,0
8166,1
8167,3
8168,0
8169,4
8170,2
8171,6
8172,6
8173,2
8174,1
8175,5
8176,7
8177,8
8178,1
8179,8
8180,6
8181,1
8182,9
8183,8
8184,7
8185,7
8186,7
8187,8
8188,4
8189,0
8190,1
8191,1
8192,0
8193,1
8194,2
8195,5
8196,0
8197,4
8198,8
8199,7
8200,5
8201,1
8202,1
8203,2
8204,0
8205,8
8206,2
8207,0
8208,4
8209,1
8210,4
8211,8
8212,1
8213,9
8214,2
8215,3
8216,3
8217,2
8218,6
8219,4
8220,7
8221,0
8222,4
8223,0
8224,1
8225,9
8226,8
8227,8
8228,0
8229,3
8230,5
8231,1
8232,0
8233,3
8234,7
8235,2
8236,9
8237,1
8238,5
8239,3
8240,2
8241,2
8242,2
8243,7
8244,6
8245,1
8246,7
8247,3
8248,8
8249,8
8250,6
8251,6
8252,2
8253,1
8254,0
8255,2
8256,7
8257,3
8258,2
8259,2
8260,1
8261,5
8262,9
8263,8
8264,4
8265,4
8266,8
8267,9
8268,6
8269,2
8270,3
8271,7
8272,3
8273,3
8274,6
8275,6
8276,5
8277,3
8278,4
8279,3
8280,9
8281,7
8282,0
8283,3
8284,4
8285,7
8286,6
8287,6
8288,3
8289,1
8290,5
8291,5
8292,7
8293,9
8294,9
8295,6
8296,8
8297,8
8298,6
8299,6
8300,7
8301,5
8302,3
8303,3
8304,7
8305,9
8306,2
8307,6
8308,7
8309,3
8310,6
8311,4
8312,5
8313,4
8314,1
8315,9
8316,7
8317,0
8318,5
8319,6
8320,0
8321,3
8322,7
8323,1
8324,5
8325,8
8326,2
8327,0
8328,3
8329,5
8330,8
8331,5
8332,1
8333,8
8334,5
8335,2
8336,1
8337,8
8338,1
8339,1
8340,6
8341,3
8342,7
8343,9
8344,0
8345,0
8346,7
8347,8
8348,2
8349,3
8350,8
8351,3
8352,5
8353,8
8354,7
8355,0
8356,0
8357,7
8358,4
8359,7
8360,2
8361,1
8362,5
8363,9
8364,1
8365,6
8366,4
8367,1
8368,1
8369,8
8370,0
8371,7
8372,8
8373,6
8374,6
8375,9
8376,4
8377,2
8378,0
8379,7
8380,7
8381,8
8382,2
8383,3
8384,4
8385,3
8386,9
8387,1
8388,5
8389,1
8390,4
8391,5
8392,0
8393,0
8394,5
8395,1
8396,2
8397,4
8398,6
8399,3
8400,4
8401,2
8402,9
8403,8
8404,3
8405,1
8406,8
8407,6
8408,8
8409,8
8410,4
8411,0
8412,8
8413,3
8414,4
8415,6
8416,5
8417,0
8418,7
8419,1
8420,2
8421,1
8422,8
8423,8
8424,8
8425,2
8426,9
8427,5
8428,9
8429,1
8430,3
8431,1
8432,6
8433,3
8434,8
8435,9
8436,0
8437,9
8438,7
8439,2
8440,1
8441,6
8442,7
8443,6
8444,3
8445,7
8446,7
8447,3
8448,3
8449,5
8450,0
8451,5
8452,2
8453,5
8454,7
8455,0
8456,7
8457,8
8458,2
8459,1
8460,2
8461,0
8462,6
8463,9
8464,2
8465,2
8466,3
8467,6
8468,2
8469,5
8470,9
8471,0
8472,3
8473,4
8474,1
8475,3
8476,9
8477,3
8478,7
8479,9
8480,5
8481,7
8482,1
8483,3
8484,0
8485,8
8486,1
8487,1
8488,0
8489,6
8490,9
8491,0
8492,5
8493,2
8494,8
8495,9
8496,2
8497,5
8498,9
8499,3
8500,8
8501,4
8502,6
8503,4
8504,9
8505,3
8506,2
8507,1
8508,6
8509,6
8510,1
8511,5
8512,2
8513,3
8514,1
8515,1
8516,4
8517,3
8518,0
8519,6
8520,0
8521,7
8522,2
8523,6
8524,3
8525,7
8526,7
8527,8
8528,9
8529,2
8530,9
8531,3
8532,3
8533,4
8534,8
8535,6
8536,5
8537,7
8538,4
8539,3
8540,7
8541,0
8542,7
8543,2
8544,8
8545,1
8546,4
8547,0
8548,7
8549,9
8550,3
8551,3
8552,4
8553,6
8554,6
8555,4
8556,6
8557,0
8558,7
8559,7
8560,4
8561,1
8562,0
8563,4
8564,6
8565,8
8566,2
8567,9
8568,8
8569,8
8570,8
8571,1
8572,6
8573,0
8574,1
8575,3
8576,2
8577,0
8578,0
8579,1
8580,2
8581,0
8582,0
8583,5
8584,4
8585,2
8586,8
8587,5
8588,5
8589,0
8590,0
8591,3
8592,7
8593,7
8594,4
8595,5
8596,9
8597,1
8598,8
8599,5
8600,3
8601,8
8602,9
8603,4
8604,7
8605,0
8606,2
8607,2
8608,1
8609,0
8610,9
8611,4
8612,1
8613,4
8614,6
8615,3
8616,0
8617,6
8618,7
8619,2
8620,3
8621,3
8622,3
8623,9
8624,7
8625,3
8626,2
8627,2
8628,1
8629,2
8630,7
8631,2
8632,0
8633,0
8634,5
8635,6
8636,3
8637,2
8638,1
8639,8
8640,6
8641,0
8642,5
8643,7
8644,9
8645,9
8646,1
8647,1
8648,1
8649,3
8650,8
8651,2
8652,5
8653,8
8654,3
8655,1
8656,5
8657,8
8658,5
8659,4
8660,0
8661,2
8662,6
8663,9
8664,6
8665,0
8666,8
8667,0
8668,5
8669,0
8670,5
8671,5
8672,2
8673,4
8674,3
8675,2
8676,3
8677,6
8678,5
8679,0
8680,7
8681,3
8682,4
8683,0
8684,4
8685,7
8686,4
8687,6
8688,7
8689,4
8690,1
8691,4
8692,2
8693,8
8694,0
8695,9
8696,2
8697,8
8698,5
8699,9
8700,8
8701,2
8702,2
8703,9
8704,1
8705,8
8706,9
8707,4
8708,4
8709,7
8710,9
8711,8
8712,8
8713,9
8714,4
8715,9
8716,7
8717,4
8718,4
8719,1
8720,7
8721,5
8722,1
8723,1
8724,1
8725,0
8726,5
8727,2
8728,0
8729,2
8730,9
8731,1
8732,8
8733,3
8734,3
8735,7
8736,9
8737,6
8738,1
8739,7
8740,6
8741,5
8742,2
8743,8
8744,0
8745,8
8746,9
8747,2
8748,8
8749,6
8750,0
8751,2
8752,8
8753,1
8754,1
8755,8
8756,9
8757,8
8758,7
8759,2
8760,5
8761,3
8762,5
8763,1
8764,1
8765,4
8766,8
8767,1
8768,2
8769,2
8770,9
8771,2
8772,7
8773,1
8774,2
8775,1
8776,1
8777,8
8778,4
8779,8
8780,9
8781,6
8782,6
8783,6
8784,7
8785,1
8786,7
8787,5
8788,0
8789,5
8790,9
8791,2
8792,1
8793,4
8794,8
8795,8
8796,6
8797,3
8798,2
8799,8
8800,4
8801,6
8802,0
8803,2
8804,0
8805,9
8806,9
8807,3
8808,0
8809,0
8810,4
8811,9
8812,2
8813,6
8814,7
8815,1
8816,3
8817,8
8818,5
8819,8
8820,2
8821,7
8822,7
8823,5
8824,8
8825,5
8826,0
8827,5
8828,4
8829,4
8830,3
8831,2
8832,3
8833,0
8834,1
8835,7
8836,8
8837,5
8838,5
8839,1
8840,9
8841,3
8842,8
8843,8
8844,9
8845,0
8846,0
8847,6
8848,5
8849,1
8850,6
8851,1
8852,8
8853,9
8854,7
8855,9
8856,9
8857,0
8858,3
8859,5
8860,0
8861,8
8862,2
8863,3
8864,2
8865,7
8866,1
8867,5
8868,9
8869,9
8870,9
8871,6
8872,2
8873,2
8874,2
8875,4
8876,3
8877,8
8878,0
8879,0
8880,7
8881,3
8882,8
8883,3
8884,6
8885,1
8886,8
8887,6
8888,3
8889,0
8890,3
8891,1
8892,7
8893,5
8894,4
8895,1
8896,1
8897,6
8898,1
8899,2
8900,0
8901,5
8902,4
8903,1
8904,9
8905,1
8906,6
8907,8
8908,7
8909,1
8910,0
8911,8
8912,3
8913,0
8914,6
8915,3
8916,8
8917,6
8918,4
8919,2
8920,1
8921,6
8922,2
8923,8
8924,3
8925,1
8926,0
8927,3
8928,6
8929,1
8930,8
8931,7
8932,8
8933,8
8934,3
8935,8
8936,9
8937,5
8938,7
8939,9
8940,5
8941,2
8942,7
8943,5
8944,1
8945,5
8946,1
8947,1
8948,4
8949,3
8950,4
8951,7
8952,1
8953,3
8954,1
8955,3
8956,7
8957,2
8958,2
8959,0
8960,3
8961,2
8962,3
8963,2
8964,0
8965,3
8966,8
8967,3
8968,5
8969,0
8970,5
8971,3
8972,8
8973,8
8974,1
8975,1
8976,2
8977,0
8978,3
8979,7
8980,6
8981,0
8982,8
8983,5
8984,9
8985,0
8986,1
8987,6
8988,3
8989,0
8990,3
8991,1
8992,1
8993,6
8994,7
8995,3
8996,9
8997,4
8998,8
8999,1
9000,9
9001,5
9002,6
9003,1
9004,1
9005,4
9006,4
9007,8
9008,8
9009,0
9010,5
9011,9
9012,0
9013,5
9014,4
9015,5
9016,5
9017,1
9018,6
9019,2
9020,4
9021,1
9022,2
9023,2
9024,0
9025,2
9026,0
9027,6
9028,5
9029,0
9030,3
9031,8
9032,7
9033,8
9034,0
9035,3
9036,5
9037,3
9038,6
9039,1
9040,1
9041,4
9042,7
9043,3
9044,6
9045,8
9046,0
9047,8
9048,6
9049,4
9050,5
9051,8
9052,4
9053,5
9054,2
9055,7
9056,4
9057,7
9058,9
9059,4
9060,2
9061,2
9062,9
9063,6
9064,6
9065,7
9066,2
9067,5
9068,8
9069,4
9070,4
9071,1
9072,9
9073,4
9074,4
9075,8
9076,6
9077,5
9078,7
9079,6
9080,8
9081,7
9082,5
9083,5
9084,8
9085,6
9086,9
9087,6
9088,4
9089,8
9090,7
9091,4
9092,3
9093,2
9094,0
9095,8
9096,0
9097,2
9098,8
9099,2
9100,4
9101,9
9102,4
9103,5
9104,8
9105,1
9106,7
9107,0
9108,4
9109,8
9110,0
9111,7
9112,5
9113,0
9114,6
9115,3
9116,5
9117,5
9118,0
9119,8
9120,6
9121,3
9122,0
9123,2
9124,8
9125,7
9126,1
9127,7
9128,0
9129,3
9130,0
9131,8
9132,2
9133,2
9134,7
9135,1
9136,4
9137,9
9138,9
9139,7
9140,7
9141,3
9142,6
9143,4
9144,3
9145,3
9146,6
9147,3
9148,8
9149,5
9150,2
9151,6
9152,3
9153,6
9154,6
9155,0
9156,7
9157,4
9158,9
9159,2
9160,2
9161,2
9162,6
9163,4
9164,2
9165,4
9166,5
9167,0
9168,6
9169,8
9170,4
9171,9
9172,5
9173,7
9174,4
9175,2
9176,2
9177,2
9178,9
9179,3
9180,9
9181,5
9182,1
9183,9
9184,5
9185,0
9186,7
9187,6
9188,6
9189,6
9190,3
9191,3
9192,2
9193,2
9194,5
9195,3
9196,5
9197,0
9198,0
9199,4
9200,5
9201,5
9202,6
9203,6
9204,1
9205,2
9206,8
9207,2
9208,8
9209,1
9210,1
9211,9
9212,1
9213,5
9214,4
9215,3
9216,6
9217,4
9218,2
9219,9
9220,3
9221,8
9222,9
9223,8
9224,6
9225,7
9226,5
9227,8
9228,4
9229,5
9230,9
9231,5
9232,6
9233,5
9234,3
9235,2
9236,8
9237,0
9238,4
9239,5
9240,9
9241,0
9242,7
9243,6
9244,8
9245,1
9246,2
9247,0
9248,9
9249,2
9250,7
9251,4
9252,2
9253,7
9254,7
9255,4
9256,4
9257,1
9258,1
9259,7
9260,9
9261,7
9262,5
9263,4
9264,8
9265,3
9266,5
9267,2
9268,6
9269,1
9270,4
9271,3
9272,7
9273,5
9274,7
9275,1
9276,8
9277,4
9278,4
9279,8
9280,8
9281,9
9282,8
9283,7
9284,7
9285,2
9286,4
9287,5
9288,2
9289,0
9290,4
9291,9
9292,9
9293,4
9294,5
9295,6
9296,9
9297,9
9298,5
9299,1
9300,1
9301,4
9302,8
9303,9
9304,3
9305,4
9306,2
9307,0
9308,8
9309,7
9310,1
9311,9
9312,6
9313,4
9314,5
9315,1
9316,9
9317,5
9318,9
9319,3
9320,0
9321,2
9322,6
9323,9
9324,1
9325,9
9326,6
9327,8
9328,9
9329,9
9330,7
9331,0
9332,4
9333,6
9334,9
9335,6
9336,4
9337,2
9338,1
9339,6
9340,9
9341,3
9342,1
9343,3
9344,8
9345,3
9346,9
9347,2
9348,4
9349,9
9350,0
9351,6
9352,9
9353,4
9354,0
9355,4
9356,6
9357,2
9358,0
9359,3
9360,8
9361,1
9362,0
9363,3
9364,8
9365,3
9366,3
9367,6
9368,0
9369,2
9370,9
9371,2
9372,1
9373,6
9374,5
9375,9
9376,7
9377,8
9378,2
9379,8
9380,1
9381,8
9382,1
9383,1
9384,5
9385,4
9386,6
9387,0
9388,5
9389,5
9390,7
9391,6
9392,9
9393,9
9394,4
9395,2
9396,4
9397,2
9398,9
9399,5
9400,4
9401,2
9402,4
9403,3
9404,9
9405,3
9406,0
9407,6
9408,6
9409,0
9410,9
9411,4
9412,4
9413,3
9414,7
9415,9
9416,6
9417,0
9418,1
9419,0
9420,0
9421,6
9422,2
9423,6
9424,1
9425,3
9426,0
9427,8
9428,2
9429,7
9430,7
9431,3
9432,5
9433,3
9434,8
9435,4
9436,7
9437,3
9438,2
9439,4
9440,0
9441,6
9442,9
9443,9
9444,8
9445,7
9446,2
9447,2
9448,4
9449,9
9450,3
9451,4
9452,3
9453,4
9454,4
9455,2
9456,1
9457,7
9458,7
9459,5
9460,9
9461,3
9462,5
9463,6
9464,4
9465,9
9466,0
9467,7
9468,8
9469,2
9470,8
9471,0
9472,6
9473,7
9474,3
9475,0
9476,3
9477,7
9478,7
9479,8
9480,0
9481,4
9482,9
9483,7
9484,5
9485,0
9486,2
9487,7
9488,9
9489,9
9490,5
9491,2
9492,2
9493,2
9494,7
9495,4
9496,1
9497,0
9498,8
9499,7
9500,9
9501,2
9502,1
9503,1
9504,8
9505,0
9506,4
9507,2
9508,5
9509,8
9510,9
9511,2
9512,5
9513,6
9514,3
9515,3
9516,2
9517,6
9518,1
9519,3
9520,2
9521,5
9522,3
9523,8
9524,9
9525,5
9526,7
9527,4
9528,2
9529,0
9530,1
9531,0
9532,3
9533,2
9534,5
9535,4
9536,7
9537,2
9538,6
9539,7
9540,5
9541,6
9542,9
9543,4
9544,8
9545,9
9546,8
9547,5
9548,2
9549,9
9550,8
9551,1
9552,7
9553,5
9554,9
9555,7
9556,2
9557,7
9558,7
9559,0
9560,6
9561,4
9562,1
9563,1
9564,8
9565,6
9566,0
9567,2
9568,2
9569,2
9570,2
9571,4
9572,0
9573,3
9574,9
9575,1
9576,5
9577,0
9578,8
9579,4
9580,7
9581,1
9582,4
9583,9
9584,3
9585,2
9586,4
9587,3
9588,0
9589,0
9590,4
9591,2
9592,4
9593,4
9594,8
9595,0
9596,1
9597,2
9598,6
9599,2
9600,2
9601,1
9602,2
9603,2
9604,3
9605,0
9606,9
9607,3
9608,6
9609,1
9610,2
9611,8
9612,6
9613,7
9614,8
9615,0
9616,3
9617,1
9618,1
9619,4
9620,3
9621,8
9622,7
9623,3
9624,8
9625,9
9626,7
9627,4
9628,7
9629,0
9630,7
9631,2
9632,8
9633,5
9634,7
9635,8
9636,5
9637,0
9638,8
9639,1
9640,7
9641,1
9642,2
9643,5
9644,4
9645,3
9646,6
9647,2
9648,5
9649,4
9650,3
9651,1
9652,1
9653,3
9654,6
9655,2
9656,2
9657,3
9658,9
9659,9
9660,7
9661,7
9662,7
9663,0
9664,6
9665,9
9666,9
9667,4
9668,5
9669,8
9670,8
9671,3
9672,0
9673,5
9674,1
9675,1
9676,1
9677,5
9678,0
9679,8
9680,0
9681,0
9682,0
9683,4
9684,8
9685,6
9686,3
9687,4
9688,8
9689,4
9690,9
9691,2
9692,5
9693,5
9694,7
9695,5
9696,4
9697,6
9698,3
9699,3
9700,9
9701,8
9702,1
9703,3
9704,4
9705,5
9706,5
9707,0
9708,9
9709,0
9710,1
9711,7
9712,6
9713,7
9714,8
9715,6
9716,5
9717,3
9718,3
9719,9
9720,9
9721,0
9722,6
9723,0
9724,6
9725,1
9726,8
9727,6
9728,9
9729,6
9730,3
9731,6
9732,2
9733,7
9734,6
9735,6
9736,2
9737,8
9738,3
9739,6
9740,3
9741,5
9742,7
9743,1
9744,9
9745,1
9746,5
9747,6
9748,8
9749,0
9750,1
9751,9
9752,6
9753,1
9754,2
9755,9
9756,3
9757,4
9758,0
9759,8
9760,1
9761,0
9762,1
9763,0
9764,5
9765,7
9766,1
9767,2
9768,2
9769,8
9770,0
9771,8
9772,5
9773,7
9774,6
9775,8
9776,3
9777,3
9778,4
9779,6
9780,3
9781,4
9782,4
9783,2
9784,6
9785,5
9786,2
9787,7
9788,4
9789,6
9790,3
9791,4
9792,9
9793,1
9794,1
9795,4
9796,6
9797,4
9798,2
9799,7
9800,9
9801,8
9802,5
9803,1
9804,3
9805,4
9806,1
9807,8
9808,6
9809,6
9810,3
9811,1
9812,2
9813,4
9814,3
9815,9
9816,5
9817,8
9818,9
9819,9
9820,6
9821,5
9822,9
9823,7
9824,0
9825,5
9826,3
9827,6
9828,4
9829,0
9830,5
9831,9
9832,9
9833,5
9834,6
9835,8
9836,4
9837,4
9838,1
9839,9
9840,9
9841,2
9842,4
9843,7
9844,4
9845,6
9846,6
9847,0
9848,9
9849,1
9850,8
9851,3
9852,8
9853,2
9854,0
9855,4
9856,8
9857,7
9858,6
9859,3
9860,6
9861,5
9862,4
9863,5
9864,7
9865,8
9866,7
9867,3
9868,4
9869,1
9870,2
9871,1
9872,9
9873,2
9874,3
9875,2
9876,8
9877,1
9878,0
9879,0
9880,5
9881,9
9882,6
9883,2
9884,8
9885,6
9886,8
9887,7
9888,4
9889,2
9890,2
9891,6
9892,1
9893,3
9894,7
9895,6
9896,1
9897,4
9898,8
9899,1
